year	origin	destination
2018	23023970200	4013617400
2018	23023970500	4013618600
2018	23023970600	4013421101
2018	23023970200	4013061029
2018	23023970700	4013060801
2018	23023970600	4013116719
2018	23023970700	4013614000
2018	23023970700	6073014803
2018	23023970700	6073007100
2018	23023970301	6073009505
2018	23023970200	6073008350
2018	23023970302	6073016605
2018	23023970301	6073017020
2018	23023970302	6073009400
2018	23023970700	6073007002
2018	23023970301	6073021400
2018	23023970100	6073008511
2018	23023970500	6073006000
2018	23023970100	6073016401
2018	23023970302	6073000500
2018	23023970302	6073009201
2018	23023970301	6073018700
2018	23023970500	6073017056
2018	23023970500	6073008511
2018	23023970302	6073009400
2018	23023970500	6073003800
2018	23023970700	6073002703
2018	23023970302	6073020018
2018	23023970302	6073017044
2018	23023970302	6073009400
2018	23023970400	6073008343
2018	23023970200	6073008335
2018	23023970301	6073018700
2018	23023970302	6073003208
2018	23023970500	6073017037
2018	23023970302	6073017054
2018	23023970302	6073005100
2018	23023970500	6073022100
2018	23023970100	6073017107
2018	23023970302	6073008364
2018	23023970500	6073018700
2018	23023970200	6073003800
2018	23023970700	6073006500
2018	23023970302	6073002904
2018	23023970500	6073003003
2018	23023970500	6073018612
2018	23023970400	6073018700
2018	23023970400	6073002905
2018	23023970301	6073016000
2018	23023970400	6073006801
2018	23023970100	6073019905
2018	23023970302	6073009305
2018	23023970301	17031140602
2018	23023970200	17031818900
2018	23023970200	17031802503
2018	23023970500	17031630500
2018	23023970700	17031081100
2018	23023970400	17031804404
2018	23023970100	17031071500
2018	23023970500	17031803610
2018	23023970400	17031805202
2018	23023970700	17031823806
2018	23023970500	17031032100
2018	23023970700	17031823806
2018	23023970301	17031440101
2018	23023970500	17031060200
2018	23023970500	17031410800
2018	23023970301	17031826100
2018	23023970301	33011002800
2018	23023970301	33011012100
2018	23023970500	33011011102
2018	23023970301	33011015100
2018	23023970100	33011002100
2018	23023970302	33011000902
2018	23023970700	33011012200
2018	23023970100	33011010700
2018	23023970500	33011010600
2018	23023970200	33011012200
2018	23023970200	33011010200
2018	23023970302	33011001900
2018	23023970500	33011000902
2018	23023970302	33011000600
2018	23023970200	33011010200
2018	23023970302	33011011300
2018	23023970400	33011000102
2018	23023970100	33011002800
2018	23023970700	33011000102
2018	23023970301	33011010200
2018	23023970302	33011000203
2018	23023970500	33011002300
2018	23023970100	33011021500
2018	23023970301	33011002800
2018	23023970301	33011018000
2018	23023970100	33011011200
2018	23023970700	33011001900
2018	23023970301	33011001500
2018	23023970500	33011011102
2018	23023970500	33011002901
2018	23023970600	33011001400
2018	23023970500	33011010100
2018	23023970301	33011016202
2018	23023970700	33011016201
2018	23023970500	33011000902
2018	23023970500	33011011401
2018	23023970500	33011011102
2018	23023970500	33011002300
2018	23023970301	33011000300
2018	23023970500	33011010600
2018	23023970500	33011001600
2018	23023970500	33011010200
2018	23023970301	33011000901
2018	23023970301	33011015100
2018	23023970302	33011002800
2018	23023970100	33011010600
2018	23023970200	33011010302
2018	23023970301	51059482202
2018	23023970500	51059470500
2018	23023970500	51710000902
2018	23023970700	51710000902
2018	23023970100	51710000700
2018	23023970600	51710003100
2018	23023970301	51710004300
2018	23023970600	51710006604
2018	23023970700	51710002500
2018	23023970301	51710000902
2018	23023970500	51710000300
2018	23023970500	51710000201
2018	23023970302	51710000902
2018	23023970200	51710004002
2018	23023970301	51710004700
2018	23023970100	51710000901
2018	23023970500	51710000902
2018	23023970700	51710000901
2018	23023970301	51710002200
2018	23023970301	56021000501
2018	23023970200	56021002000
2018	23023970301	6065941400
2018	23023970400	6065044929
2018	23023970100	6065045125
2018	23023970301	6065044522
2018	23023970302	12071010701
2018	23023970700	12071050209
2018	23023970700	12071010602
2018	23023970400	12071000301
2018	23023970500	12071001101
2018	23023970200	12071060201
2018	23023970100	12071001501
2018	23023970500	12071040109
2018	23023970700	12071001201
2018	23023970400	12071050104
2018	23023970700	12071020600
2018	23023970500	12071020300
2018	23023970302	12071010404
2018	23023970500	12071040117
2018	23023970301	12071080300
2018	23023970100	12071010204
2018	23023970301	22079013500
2018	23023970600	23019006300
2018	23023970500	23019006300
2018	23023970200	23019006300
2018	23023970400	23019031100
2018	23023970500	23019000400
2018	23023970302	23019031100
2018	23023970500	23019013000
2018	23023970500	23019029000
2018	23023970500	23019031000
2018	23023970200	23019027000
2018	23023970700	23019000200
2018	23023970301	23019031100
2018	23023970500	23019002000
2018	23023970700	23019002000
2018	23023970500	23019006300
2018	23023970600	23019006300
2018	23023970500	23019010000
2018	23023970100	23019000200
2018	23023970301	23019000200
2018	23023970302	23019015000
2018	23023970301	23019000700
2018	23023970500	23019030000
2018	23023970400	23019000200
2018	23023970500	23019000300
2018	23023970301	23019015500
2018	23023970301	23019000200
2018	23023970500	23019030000
2018	23023970302	23019000700
2018	23023970500	23019015000
2018	23023970200	23019008001
2018	23023970301	23019000600
2018	23023970100	23019000500
2018	23023970301	23019006300
2018	23023970301	23019000700
2018	23023970301	23019012500
2018	23023970302	23019000200
2018	23023970400	23019006300
2018	23023970302	23019006300
2018	23023970301	23019006300
2018	23023970600	23019004100
2018	23023970400	23019000900
2018	23023970302	23019031100
2018	23023970301	23019006300
2018	23023970301	23019006300
2018	23023970302	23019006100
2018	23023970302	23019006300
2018	23023970301	23019000600
2018	23023970500	23019004100
2018	23023970700	23019000200
2018	23023970302	23019000900
2018	23023970100	23019000200
2018	23023970301	23019006300
2018	23023970302	23019006300
2018	23023970200	23019000600
2018	23023970500	23019006300
2018	23023970301	23019027000
2018	23023970200	23019013500
2018	23023970400	23019008001
2018	23023970301	23019002000
2018	23023970600	23019007100
2018	23023970301	23019006300
2018	23023970500	23019013000
2018	23023970400	23019029000
2018	23023970302	23019027000
2018	23023970400	23019000500
2018	23023970200	23019010000
2018	23023970500	23019000200
2018	23023970500	23019000700
2018	23023970301	23019006300
2018	23023970100	23019013000
2018	23023970100	23019006300
2018	23023970200	23019006300
2018	23023970302	23019006300
2018	23023970301	23019000400
2018	23023970302	23019000300
2018	23023970500	23019015000
2018	23023970301	23019010000
2018	23023970500	23019000400
2018	23023970302	23019000900
2018	23023970400	23019014000
2018	23023970301	23019000900
2018	23023970700	23019000600
2018	23023970500	23019000200
2018	23023970500	23019011000
2018	23023970302	23019006300
2018	23023970600	23019006300
2018	23023970100	23019004100
2018	23023970500	23019000500
2018	23023970301	23019031100
2018	23023970302	23019018000
2018	23023970200	23019015000
2018	23023970500	23019031100
2018	23023970302	23019006300
2018	23023970200	23019028000
2018	23023970500	23019006300
2018	23023970100	23019006100
2018	23023970500	23019006300
2018	23023970301	23019031100
2018	23023970500	23019013000
2018	23023970600	23019006300
2018	23023970500	23019006100
2018	23023970301	23019010000
2018	23023970100	23019013000
2018	23023970301	23019000200
2018	23023970700	23019006300
2018	23023970500	23019000600
2018	23023970301	23019000500
2018	23023970700	23019006300
2018	23023970301	23019031200
2018	23023970302	23019015000
2018	23023970500	23019031200
2018	23023970500	23019010000
2018	23023970500	23019009000
2018	23023970302	23019008001
2018	23023970700	23019002000
2018	23023970500	23019006100
2018	23023970500	23019007100
2018	23023970500	23019006300
2018	23023970500	23019031100
2018	23023970400	23019000300
2018	23023970200	23019000500
2018	23023970500	23019000700
2018	23023970500	23019015000
2018	23023970100	23019006300
2018	23023970302	23019006300
2018	23023970302	23019015000
2018	23023970302	23019021500
2018	23023970302	23019013500
2018	23023970700	23019006300
2018	23023970301	23019000300
2018	23023970500	23019015000
2018	23023970500	23019002000
2018	23023970302	23019000200
2018	23023970500	23019008001
2018	23023970400	23019006300
2018	23023970500	23019002000
2018	23023970100	23019000900
2018	23023970500	23019000700
2018	23023970100	23019025500
2018	23023970100	23019006100
2018	23023970700	23019027000
2018	23023970500	23019006300
2018	23023970302	23019003000
2018	23023970500	23019000200
2018	23023970100	23019006300
2018	23023970302	23019000500
2018	23023970500	23019002000
2018	23023970500	23019014000
2018	23023970100	23019000900
2018	23023970500	23019000700
2018	23023970100	23019031200
2018	23023970301	23019000900
2018	23023970302	23019009000
2018	23023970302	23019006300
2018	23023970302	23019006300
2018	23023970500	23019027000
2018	23023970400	23019007100
2018	23023970200	23019008001
2018	23023970302	23019002000
2018	23023970500	23019000900
2018	23023970302	23019015500
2018	23023970200	23019002000
2018	23023970700	23019006300
2018	23023970100	23019031100
2018	23023970302	23019031100
2018	23023970400	23019000900
2018	23023970301	23019014000
2018	23023970500	23019008001
2018	23023970700	23019000500
2018	23023970700	23019010000
2018	23023970500	23019006100
2018	23023970302	23019000300
2018	23023970301	23019015000
2018	23023970302	23019004200
2018	23023970301	23019000200
2018	23023970302	23019005000
2018	23023970500	23019008001
2018	23023970500	23019000500
2018	23023970200	23019012500
2018	23023970302	23019031200
2018	23023970100	23019006300
2018	23023970200	23019006300
2018	23023970100	23019015000
2018	23023970700	23019006300
2018	23023970301	23019006300
2018	23023970500	23019013000
2018	23023970700	23019006300
2018	23023970100	23019007200
2018	23023970302	23019000600
2018	23023970301	23019013000
2018	23023970301	23019031100
2018	23023970500	23019015000
2018	23023970100	23019012000
2018	23023970400	23019006300
2018	23023970302	23019000200
2018	23023970100	23019000400
2018	23023970500	23019027000
2018	23023970500	23019000300
2018	23023970500	23019000700
2018	23023970500	23019015000
2018	23023970200	23019000200
2018	23023970500	23019000500
2018	23023970500	23019006300
2018	23023970100	23019008001
2018	23023970200	23019007100
2018	23023970302	23019006300
2018	23023970302	23019000300
2018	23023970500	23019006300
2018	23023970301	23019000600
2018	23023970500	23019006300
2018	23023970302	23019000300
2018	23023970301	23019000300
2018	23023970400	23019008001
2018	23023970302	23019007100
2018	23023970700	23019012500
2018	23023970500	23019014000
2018	23023970301	23019000200
2018	23023970400	23019004200
2018	23023970700	23019006100
2018	23023970700	23019006300
2018	23023970301	23019000500
2018	23023970301	23019000500
2018	23023970100	23019013500
2018	23023970700	23019015000
2018	23023970600	23019006300
2018	23023970500	23019006300
2018	23023970400	23019002000
2018	23023970200	23019002000
2018	23023970302	23019000700
2018	23023970301	23019000200
2018	23023970302	23019000400
2018	23023970302	23019004300
2018	23023970100	23019000600
2018	23023970301	23019015500
2018	23023970500	23019015000
2018	23023970100	23019008001
2018	23023970700	23019006200
2018	23023970301	23019000900
2018	23023970200	23019006300
2018	23023970500	23019010000
2018	23023970301	23019000200
2018	23023970100	23019000600
2018	23023970302	23019000300
2018	23023970301	23019006300
2018	23023970500	23019015000
2018	23023970302	23019030000
2018	23023970301	23019013000
2018	23023970100	23019000900
2018	23023970301	23019006300
2018	23023970500	23019007200
2018	23023970301	23019021500
2018	23023970100	23019004200
2018	23023970500	23019007100
2018	23023970500	23019018000
2018	23023970500	23019000300
2018	23023970500	23019015000
2018	23023970301	23019000500
2018	23023970500	23019000600
2018	23023970500	23019000700
2018	23023970200	23019006300
2018	23023970500	23019007100
2018	23023970500	23019013000
2018	23023970500	23019006100
2018	23023970200	23019007100
2018	23023970600	23019015000
2018	23023970500	23019031000
2018	23023970500	23019030000
2018	23023970301	23019000400
2018	23023970600	23019000500
2018	23023970700	23019006200
2018	23023970500	23019000600
2018	23023970200	23019000600
2018	23023970301	23019000200
2018	23023970500	23019031200
2018	23023970500	23019031200
2018	23023970700	23019000500
2018	23023970700	23019000500
2018	23023970500	23019015000
2018	23023970302	23019008001
2018	23023970302	23019006300
2018	23023970301	23019940000
2018	23023970400	23019006300
2018	23023970200	23019013500
2018	23023970302	23019031100
2018	23023970700	23019030000
2018	23023970100	23019015000
2018	23023970400	23019031300
2018	23023970301	23019006300
2018	23023970302	23019006300
2018	23023970500	23019015000
2018	23023970302	23019006300
2018	23023970302	23019004200
2018	23023970500	23019029000
2018	23023970100	23019013500
2018	23023970500	23019006100
2018	23023970302	23019006300
2018	23023970500	23019006300
2018	23023970302	23019013000
2018	23023970302	23019000200
2018	23023970302	23019006300
2018	23023970301	23019008001
2018	23023970301	23019013500
2018	23023970301	23019027000
2018	23023970500	23019024500
2018	23023970500	23019000200
2018	23023970301	23019004200
2018	23023970301	23019000700
2018	23023970500	23019000200
2018	23023970302	23019009000
2018	23023970500	23019006300
2018	23023970301	23019021500
2018	23023970100	23019015000
2018	23023970500	23019011000
2018	23023970302	23019006300
2018	23023970700	23019006100
2018	23023970700	23019000600
2018	23023970100	23019000600
2018	23023970301	23019006300
2018	23023970200	23019014000
2018	23023970302	23019013000
2018	23023970302	23019006300
2018	23023970100	23019006200
2018	23023970100	23019000500
2018	23023970302	23019031200
2018	23023970700	23019006300
2018	23023970302	23019006100
2018	23023970302	23019000500
2018	23023970302	23019000400
2018	23023970500	23019000300
2018	23023970302	23019010000
2018	23023970400	23019012000
2018	23023970600	23019006300
2018	23023970302	23019009000
2018	23023970500	23019008001
2018	23023970302	23019006300
2018	23023970200	23019000500
2018	23023970200	23019002000
2018	23023970400	23019000200
2018	23023970301	23019006300
2018	23023970301	23019006300
2018	23023970200	23019006300
2018	23023970302	23019006300
2018	23023970301	23019005000
2018	23023970400	23019010000
2018	23023970301	23019005000
2018	23023970500	23019011000
2018	23023970301	23019027000
2018	23023970301	23019031100
2018	23023970500	23019009000
2018	23023970500	23019000200
2018	23023970100	23019010000
2018	23023970301	23019013000
2018	23023970700	23019000400
2018	23023970500	23019002000
2018	23023970100	23019002000
2018	23023970700	39049006710
2018	23023970100	39049007041
2018	23023970301	39049006932
2018	23023970301	39049001901
2018	23023970302	39049006990
2018	23023970301	39049006391
2018	23023970700	39049003000
2018	23023970500	39049001121
2018	23023970500	39049007209
2018	23023970700	39049007043
2018	23023970302	39049001121
2018	23023970500	39049007396
2018	23023970700	39049007043
2018	23023970301	48061013802
2018	23023970200	48061012508
2018	23023970400	48061010301
2018	23023970700	48061012506
2018	23023970302	48061010602
2018	23023970500	48061014100
2018	23023970700	48061012507
2018	23023970500	48061014100
2018	23023970500	48061011302
2018	23023970301	48061010100
2018	23023970301	48061011500
2018	23023970301	48061011600
2018	23023970301	48061013500
2018	23023970400	48061012608
2018	23023970301	48061012508
2018	23023970100	48061012301
2018	23023970100	48061010402
2018	23023970500	53033001400
2018	23023970500	53033028902
2018	23023970302	53033024701
2018	23023970302	53033025804
2018	23023970500	53033000600
2018	23023970400	53033009600
2018	23023970301	53033008001
2018	23023970500	53033026500
2018	23023970302	53033025400
2018	23023970600	53033006700
2018	23023970301	53033024400
2018	23023970500	53033025006
2018	23023970100	53033030006
2018	23023970301	53033010200
2018	23023970100	53033009600
2018	23023970301	53033023604
2018	23023970301	53033007401
2018	23023970200	53033010800
2018	23023970600	53033001600
2018	23023970700	53033020300
2018	23023970302	53033030313
2018	23023970400	53033010402
2018	23023970100	53033005301
2018	23023970301	53033004302
2018	23023970302	53033031705
2018	23023970500	53033004700
2018	23023970100	53033032309
2018	23023970100	53033027200
2018	23023970301	53033006200
2018	23023970301	53033032309
2018	23023970301	53033005801
2018	23023970500	53033030401
2018	23023970301	53033023604
2018	23023970500	53033000200
2018	23023970400	53033032103
2018	23023970700	53061051000
2018	23023970301	53061051803
2018	23023970301	53061041809
2018	23023970500	53061040400
2018	23023970301	53061050101
2018	23023970302	53061052707
2018	23023970100	53061052204
2018	23023970302	53061051923
2018	23023970100	53061040800
2018	23023970500	53061041606
2018	23023970301	53061041301
2018	23023970301	53061041808
2018	23023970301	53061041810
2018	23023970302	53061041904
2018	23023970302	53061051924
2018	23023970301	53061051928
2018	23023970700	53061052402
2018	23023970301	53061041808
2018	23023970100	53061041000
2018	23023970301	53061052503
2018	23023970100	53063002600
2018	23023970700	53063004100
2018	23023970200	53063002300
2018	23023970301	53063011900
2018	23023970301	53063010900
2018	23023970600	53063004000
2018	23023970200	53063002400
2018	23023970500	53063012701
2018	23023970500	53063011201
2018	23023970500	53063002600
2018	23023970500	53063010305
2018	23023970302	1033020701
2018	23023970302	1033020801
2018	23023970302	1033020200
2018	23023970500	1033020802
2018	23023970500	1033020600
2018	23023970500	1033020701
2018	23023970301	1033020300
2018	23023970500	1033020801
2018	23023970200	1033020200
2018	23023970200	1033020600
2018	23023970302	1033020200
2018	23023970700	1033020802
2018	23023970700	1033020400
2018	23023970302	1033020802
2018	23023970100	1033020701
2018	23023970500	9011702400
2018	23023970200	9011980000
2018	23023970302	9011690700
2018	23023970302	9011702700
2018	23023970200	9011980000
2018	23023970500	9011701100
2018	23023970302	9011702700
2018	23023970500	9011714101
2018	23023970500	9011709200
2018	23023970301	9011980000
2018	23023970500	9011705101
2018	23023970700	9011980000
2018	23023970400	23001010600
2018	23023970301	23001020700
2018	23023970200	23001010800
2018	23023970700	23001040000
2018	23023970700	23001030200
2018	23023970302	23001020500
2018	23023970301	23001020300
2018	23023970301	23001010100
2018	23023970301	23001030200
2018	23023970301	23001010700
2018	23023970400	23001041000
2018	23023970301	23001041500
2018	23023970400	23001010100
2018	23023970301	23001044000
2018	23023970200	23001010300
2018	23023970500	23001041500
2018	23023970700	23001020800
2018	23023970500	23001010200
2018	23023970700	23001020800
2018	23023970500	23001020300
2018	23023970400	23001010300
2018	23023970200	23001020300
2018	23023970600	23001040000
2018	23023970500	23001010200
2018	23023970100	23001046500
2018	23023970200	23001020900
2018	23023970500	23001044000
2018	23023970301	23001020400
2018	23023970500	23001010100
2018	23023970302	23001041500
2018	23023970500	23001040000
2018	23023970100	23001020900
2018	23023970400	23001010300
2018	23023970302	23001020900
2018	23023970700	23001042000
2018	23023970302	23001020900
2018	23023970302	23001010800
2018	23023970100	23001010300
2018	23023970500	23001040000
2018	23023970100	23001020900
2018	23023970500	23001020300
2018	23023970302	23001020800
2018	23023970400	23001010500
2018	23023970500	23001020700
2018	23023970302	23001020900
2018	23023970500	23001030200
2018	23023970302	23001044000
2018	23023970500	23001041000
2018	23023970500	23001010200
2018	23023970700	23001010200
2018	23023970100	23001020300
2018	23023970500	23001040000
2018	23023970500	23001010700
2018	23023970100	23001044000
2018	23023970301	23001040000
2018	23023970600	23001046500
2018	23023970100	23001020300
2018	23023970302	23001020300
2018	23023970301	23001010600
2018	23023970301	23001045000
2018	23023970200	23001041000
2018	23023970100	23001010800
2018	23023970302	23001020300
2018	23023970302	23001030200
2018	23023970700	23001010800
2018	23023970400	23001010700
2018	23023970100	23001010700
2018	23023970500	23001010800
2018	23023970400	23001020700
2018	23023970500	23001046500
2018	23023970200	23001020700
2018	23023970301	23001020700
2018	23023970400	23001020300
2018	23023970500	23001010600
2018	23023970302	23001010200
2018	23023970200	23001041000
2018	23023970700	23001020700
2018	23023970302	23001030100
2018	23023970301	23001010300
2018	23023970500	42089301401
2018	23023970500	13127000504
2018	23023970302	13127000200
2018	23023970500	13127000504
2018	23023970500	13127000300
2018	23023970301	13127000401
2018	23023970302	13127001000
2018	23023970500	13127000200
2018	23023970500	13127001000
2018	23023970700	25009268400
2018	23023970302	25009266200
2018	23023970500	25009220102
2018	23023970500	25009217500
2018	23023970500	25009204400
2018	23023970100	25009251800
2018	23023970500	6053014107
2018	23023970302	6053013200
2018	23023970500	6053013500
2018	23023970302	6053012600
2018	23023970500	6053010501
2018	23023970100	6053014107
2018	23023970500	6053012502
2018	23023970500	6053014107
2018	23023970500	37109070100
2018	23023970302	37109070201
2018	23023970302	37109071201
2018	23023970500	37109070201
2018	23023970200	37109071202
2018	23023970302	37109070202
2018	23023970500	37109070201
2018	23023970700	37109071102
2018	23023970302	37109070201
2018	23023970301	37109070201
2018	23023970100	37109071101
2018	23023970301	37109071203
2018	23023970500	37109071101
2018	23023970700	37109070902
2018	23023970500	37109071002
2018	23023970500	37109070902
2018	23023970301	37109070201
2018	23023970500	12097043700
2018	23023970500	12097040802
2018	23023970301	12097041001
2018	23023970302	12097043600
2018	23023970302	12097042400
2018	23023970200	12097042900
2018	23023970302	12097042100
2018	23023970500	12097040803
2018	23023970100	12097042000
2018	23023970200	12097040901
2018	23023970302	41051006701
2018	23023970400	33015003901
2018	23023970200	33015069100
2018	23023970302	33015053000
2018	23023970500	33015106102
2018	23023970500	33015067502
2018	23023970500	33015106102
2018	23023970500	33015003802
2018	23023970100	33015003500
2018	23023970302	33015060000
2018	23023970301	33015104101
2018	23023970200	33015061001
2018	23023970100	33015100100
2018	23023970100	33015067000
2018	23023970301	33015003601
2018	23023970302	33015103100
2018	23023970302	33015060000
2018	23023970500	33015107200
2018	23023970100	33015106101
2018	23023970500	33015101100
2018	23023970302	33015104101
2018	23023970500	33015055002
2018	23023970500	33015100200
2018	23023970700	23005011202
2018	23023970301	23005017001
2018	23023970500	23005004401
2018	23023970400	23005011202
2018	23023970301	23005003100
2018	23023970301	23005004402
2018	23023970302	23005004401
2018	23023970700	23005003300
2018	23023970500	23005011100
2018	23023970100	23005001000
2018	23023970302	23005003300
2018	23023970301	23005001800
2018	23023970500	23005016000
2018	23023970302	23005004803
2018	23023970200	23005001900
2018	23023970100	23005016000
2018	23023970500	23005003000
2018	23023970302	23005014000
2018	23023970500	23005004002
2018	23023970700	23005016500
2018	23023970700	23005004702
2018	23023970302	23005011100
2018	23023970302	23005002800
2018	23023970400	23005017102
2018	23023970100	23005004100
2018	23023970301	23005011202
2018	23023970200	23005004401
2018	23023970301	23005002900
2018	23023970700	23005002102
2018	23023970200	23005000600
2018	23023970100	23005017303
2018	23023970500	23005004100
2018	23023970302	23005004401
2018	23023970301	23005011100
2018	23023970200	23005002002
2018	23023970100	23005004803
2018	23023970500	23005001200
2018	23023970700	23005003000
2018	23023970700	23005011100
2018	23023970302	23005011500
2018	23023970600	23005000300
2018	23023970302	23005004100
2018	23023970500	23005002002
2018	23023970700	23005002300
2018	23023970500	23005000300
2018	23023970400	23005003300
2018	23023970200	23005001700
2018	23023970100	23005003500
2018	23023970500	23005017301
2018	23023970200	23005001900
2018	23023970302	23005001100
2018	23023970200	23005002900
2018	23023970700	23005002900
2018	23023970400	23005016500
2018	23023970200	23005004401
2018	23023970301	23005011300
2018	23023970500	23005000600
2018	23023970302	23005017301
2018	23023970302	23005000500
2018	23023970100	23005004002
2018	23023970100	23005017101
2018	23023970700	23005003500
2018	23023970100	23005001000
2018	23023970301	23005004702
2018	23023970500	23005016500
2018	23023970302	23005004100
2018	23023970400	23005001900
2018	23023970200	23005004002
2018	23023970500	23005011202
2018	23023970302	23005002300
2018	23023970500	23005000300
2018	23023970700	23005003100
2018	23023970301	23005004100
2018	23023970500	23005001100
2018	23023970200	23005004002
2018	23023970302	23005000500
2018	23023970500	23005014000
2018	23023970500	23005016000
2018	23023970302	23005000600
2018	23023970302	23005000300
2018	23023970302	23005011202
2018	23023970301	23005002700
2018	23023970500	23005002300
2018	23023970600	23005003300
2018	23023970301	23005017002
2018	23023970700	23005003000
2018	23023970200	23005004402
2018	23023970700	23005004803
2018	23023970200	23005001200
2018	23023970302	23005015000
2018	23023970200	23005004801
2018	23023970301	23005004401
2018	23023970500	23005016500
2018	23023970700	23005004100
2018	23023970100	23005015000
2018	23023970302	23005000600
2018	23023970200	23005000600
2018	23023970302	23005017301
2018	23023970301	23005001800
2018	23023970302	23005016500
2018	23023970500	23005002501
2018	23023970500	23005003300
2018	23023970301	23005011500
2018	23023970302	23005002800
2018	23023970400	23005011202
2018	23023970200	23005011201
2018	23023970200	23005004002
2018	23023970500	23005011202
2018	23023970500	23005017304
2018	23023970301	23005003000
2018	23023970100	23005003000
2018	23023970301	23005004803
2018	23023970302	23005011500
2018	23023970100	23005001800
2018	23023970500	23005002900
2018	23023970600	23005002502
2018	23023970301	23005002300
2018	23023970500	23005002102
2018	23023970200	23005003000
2018	23023970500	23005002300
2018	23023970400	23005011300
2018	23023970100	23005003500
2018	23023970302	23005002001
2018	23023970200	23005004803
2018	23023970200	23005001800
2018	23023970302	23005004100
2018	23023970500	23005011202
2018	23023970500	23005017301
2018	23023970301	23005014000
2018	23023970500	23005002002
2018	23023970301	23005002900
2018	23023970500	23005001700
2018	23023970200	23005011202
2018	23023970500	23005003702
2018	23023970100	23005016500
2018	23023970100	23005017001
2018	23023970301	23005016000
2018	23023970301	23005001900
2018	23023970302	23005014000
2018	23023970302	23005004803
2018	23023970302	23005016500
2018	23023970200	23005017301
2018	23023970700	23005003300
2018	23023970200	23005002800
2018	23023970100	23005004100
2018	23023970600	23005003100
2018	23023970400	23005016000
2018	23023970100	23005000600
2018	23023970500	23005004702
2018	23023970100	23005004502
2018	23023970500	23005016500
2018	23023970700	23005002900
2018	23023970301	23005002900
2018	23023970100	23005017304
2018	23023970400	23005002502
2018	23023970301	23005001700
2018	23023970302	23005017301
2018	23023970400	23005002002
2018	23023970302	23005003000
2018	23023970301	23005017303
2018	23023970100	23005000500
2018	23023970200	23005002700
2018	23023970301	23005001700
2018	23023970200	23005011201
2018	23023970100	23005004702
2018	23023970400	23005017303
2018	23023970600	23005011201
2018	23023970200	23005002700
2018	23023970700	23005011300
2018	23023970301	23005002002
2018	23023970500	23005001300
2018	23023970302	23005004402
2018	23023970500	23005002102
2018	23023970500	23005002300
2018	23023970301	23005004002
2018	23023970301	23005004401
2018	23023970500	23005004002
2018	23023970400	23005002200
2018	23023970400	23005017304
2018	23023970302	23005001800
2018	23023970500	23005017101
2018	23023970301	23005011202
2018	23023970301	23005001800
2018	23023970200	23005002300
2018	23023970301	23005004803
2018	23023970302	23005014000
2018	23023970500	23005017301
2018	23023970200	23005002002
2018	23023970500	23005002200
2018	23023970301	23005004402
2018	23023970500	23005001900
2018	23023970100	23005002102
2018	23023970500	23005016500
2018	23023970100	23005017304
2018	23023970400	23005002102
2018	23023970302	23005004702
2018	23023970400	23005004100
2018	23023970500	23005002502
2018	23023970200	23005004803
2018	23023970302	23005016500
2018	23023970302	23005017102
2018	23023970500	23005017301
2018	23023970301	23005002300
2018	23023970500	23005011100
2018	23023970302	23005015000
2018	23023970302	23005016500
2018	23023970301	23005001300
2018	23023970500	23005002102
2018	23023970500	23005004803
2018	23023970400	23005003500
2018	23023970500	23005016500
2018	23023970400	23005017301
2018	23023970301	23005003000
2018	23023970500	23005011300
2018	23023970301	23005004803
2018	23023970301	23005003500
2018	23023970301	23005000600
2018	23023970200	23005004002
2018	23023970100	23005011500
2018	23023970500	23005002001
2018	23023970200	23005011100
2018	23023970400	23005017002
2018	23023970100	23005004803
2018	23023970500	23005016500
2018	23023970200	23005002900
2018	23023970302	23005003000
2018	23023970301	23005003300
2018	23023970400	23005002200
2018	23023970302	23005004001
2018	23023970500	23005004001
2018	23023970302	23005001300
2018	23023970100	23005000200
2018	23023970100	23005004002
2018	23023970100	23005011201
2018	23023970700	23005011202
2018	23023970400	23005011202
2018	23023970500	23005000600
2018	23023970301	23005000500
2018	23023970600	23005015000
2018	23023970500	23005017301
2018	23023970500	23005001000
2018	23023970500	23005011201
2018	23023970301	23005002300
2018	23023970302	23005001500
2018	23023970700	23005001900
2018	23023970302	23005002700
2018	23023970302	23005002102
2018	23023970301	23005004702
2018	23023970700	23005004801
2018	23023970302	23005001800
2018	23023970400	23005001900
2018	23023970301	23005003000
2018	23023970500	23005003500
2018	23023970600	23005004402
2018	23023970301	23005001100
2018	23023970302	23005004502
2018	23023970301	23005002300
2018	23023970302	23005002300
2018	23023970700	23005002300
2018	23023970500	23005004803
2018	23023970500	23005017001
2018	23023970500	23005003000
2018	23023970400	23005002300
2018	23023970700	23005001900
2018	23023970302	23005002300
2018	23023970301	23005011100
2018	23023970301	23005002700
2018	23023970302	23005004702
2018	23023970301	23005004401
2018	23023970100	23005004002
2018	23023970302	23005003500
2018	23023970200	23005002002
2018	23023970100	23005002900
2018	23023970302	23005004002
2018	23023970600	23005001100
2018	23023970301	23005000200
2018	23023970500	23005000600
2018	23023970700	23005011202
2018	23023970200	23005011202
2018	23023970200	23005016500
2018	23023970302	23005017304
2018	23023970302	23005004702
2018	23023970302	23005002102
2018	23023970301	23005002700
2018	23023970301	23005004803
2018	23023970200	23005014000
2018	23023970500	23005011201
2018	23023970302	23005004803
2018	23023970301	23005001100
2018	23023970500	23005014000
2018	23023970302	23005016500
2018	23023970700	23005004803
2018	23023970500	23005016000
2018	23023970100	23005014000
2018	23023970302	23005004803
2018	23023970500	23005001100
2018	23023970302	23005003702
2018	23023970500	23005001200
2018	23023970301	23005000300
2018	23023970302	23005004502
2018	23023970700	23005015000
2018	23023970301	23005000100
2018	23023970500	23005000600
2018	23023970100	23005002900
2018	23023970500	23005004702
2018	23023970500	23005017001
2018	23023970301	23005000300
2018	23023970500	23005014000
2018	23023970700	23005002300
2018	23023970600	23005002002
2018	23023970302	23005000600
2018	23023970302	23005002300
2018	23023970302	23005001000
2018	23023970500	23005004001
2018	23023970301	23005003500
2018	23023970400	23005001500
2018	23023970400	23005017301
2018	23023970500	23005004002
2018	23023970100	23005016000
2018	23023970500	23005016000
2018	23023970100	23005004002
2018	23023970500	23005011201
2018	23023970500	23005017301
2018	23023970302	23005004402
2018	23023970400	23005001100
2018	23023970500	23005004100
2018	23023970700	23005004401
2018	23023970302	23005000200
2018	23023970500	23005000500
2018	23023970302	23005004802
2018	23023970301	23005001200
2018	23023970500	23005004401
2018	23023970600	23005003701
2018	23023970400	23005011201
2018	23023970400	23005003702
2018	23023970500	23005002300
2018	23023970301	23005001000
2018	23023970302	23005017304
2018	23023970302	23005011202
2018	23023970700	23005003500
2018	23023970301	23005000500
2018	23023970100	23005016000
2018	23023970500	23005004801
2018	23023970100	23005000300
2018	23023970700	23005011100
2018	23023970100	23005001800
2018	23023970301	23005001000
2018	23023970302	23005004401
2018	23023970700	23005001200
2018	23023970500	23005004803
2018	23023970301	23005003500
2018	23023970301	23005017301
2018	23023970301	23005003500
2018	23023970400	23005004402
2018	23023970500	23005011500
2018	23023970301	23005002102
2018	23023970500	23005016500
2018	23023970302	23005014000
2018	23023970301	23005004401
2018	23023970302	23005011100
2018	23023970302	23005004401
2018	23023970700	23005011202
2018	23023970500	23005003702
2018	23023970301	23005000600
2018	23023970301	23005002900
2018	23023970500	23005003000
2018	23023970700	23005001000
2018	23023970100	23005001300
2018	23023970302	23005001700
2018	23023970302	23005004402
2018	23023970302	23005004002
2018	23023970700	23005002300
2018	23023970301	23005000600
2018	23023970302	23005000500
2018	23023970100	23005004801
2018	23023970302	23005003702
2018	23023970100	23005002002
2018	23023970500	23005004001
2018	23023970302	23005004002
2018	23023970500	23005014000
2018	23023970100	23005004803
2018	23023970700	23005011201
2018	23023970600	23005004100
2018	23023970700	23005001900
2018	23023970302	23005001100
2018	23023970301	23005017002
2018	23023970500	23005002400
2018	23023970302	23005003500
2018	23023970301	23005016000
2018	23023970301	23005004402
2018	23023970500	23005000600
2018	23023970200	23005002900
2018	23023970301	23005004702
2018	23023970500	23005001000
2018	23023970301	23005001000
2018	23023970301	23005001200
2018	23023970200	23005011202
2018	23023970301	23005004803
2018	23023970100	23005000300
2018	23023970302	23005004702
2018	23023970500	23005002900
2018	23023970301	23005004402
2018	23023970302	23005011100
2018	23023970500	23005003000
2018	23023970100	23005001200
2018	23023970500	23005017301
2018	23023970302	23005001200
2018	23023970500	23005016000
2018	23023970100	23005011202
2018	23023970200	23005004401
2018	23023970700	23005003100
2018	23023970301	23005004100
2018	23023970500	23005000600
2018	23023970500	23005011201
2018	23023970302	23005002002
2018	23023970301	23005002300
2018	23023970500	23005000500
2018	23023970302	23005017002
2018	23023970200	23005002900
2018	23023970302	23005001300
2018	23023970500	23005002300
2018	23023970700	23005004100
2018	23023970500	23005002300
2018	23023970200	23005004702
2018	23023970700	23005011500
2018	23023970500	23005002600
2018	23023970700	23005011100
2018	23023970400	23005001100
2018	23023970302	23005004100
2018	23023970400	23005004803
2018	23023970500	23005002300
2018	23023970302	23005011202
2018	23023970200	23005001700
2018	23023970700	23005000600
2018	23023970302	23005001100
2018	23023970500	23005001800
2018	23023970301	23005002900
2018	23023970301	23005001800
2018	23023970302	23005002102
2018	23023970301	23005011300
2018	23023970500	23005002900
2018	23023970200	23005017102
2018	23023970302	23005004002
2018	23023970100	23005015000
2018	23023970301	23005011100
2018	23023970302	23005011500
2018	23023970500	23005004803
2018	23023970400	23005001100
2018	23023970600	23005011202
2018	23023970301	23005004803
2018	23023970301	23005001000
2018	23023970700	23005002002
2018	23023970600	23005002400
2018	23023970500	23005001200
2018	23023970100	23005017101
2018	23023970200	23005014000
2018	23023970301	23005004803
2018	23023970500	23005017301
2018	23023970301	23005004401
2018	23023970200	23005004002
2018	23023970500	23005011201
2018	23023970500	23005001700
2018	23023970500	23005017304
2018	23023970302	23005017101
2018	23023970302	23005011202
2018	23023970500	23005002502
2018	23023970700	23005011201
2018	23023970200	23005002002
2018	23023970302	23005004803
2018	23023970500	23005004402
2018	23023970301	23005017304
2018	23023970500	23005004100
2018	23023970302	23005001200
2018	23023970301	23005003701
2018	23023970500	23005003500
2018	23023970301	23005011201
2018	23023970500	23005000500
2018	23023970100	23005001900
2018	23023970700	23005004803
2018	23023970301	23005004100
2018	23023970400	23005017301
2018	23023970400	23005015000
2018	23023970500	23005017301
2018	23023970302	23005001900
2018	23023970302	23005003000
2018	23023970200	23005002002
2018	23023970500	23005000500
2018	23023970200	23005002900
2018	23023970200	23005011201
2018	23023970302	23005000200
2018	23023970100	23005001800
2018	23023970400	23005004402
2018	23023970400	23005011201
2018	23023970301	23005011201
2018	23023970700	23005002300
2018	23023970500	23005016500
2018	23023970600	23005004801
2018	23023970100	23005002300
2018	23023970700	23005017301
2018	23023970301	23005002800
2018	23023970700	23005002102
2018	23023970200	23005001900
2018	23023970500	23005000600
2018	23023970500	23005011202
2018	23023970500	23005004002
2018	23023970500	23005017101
2018	23023970301	23005002900
2018	23023970302	23005003300
2018	23023970302	23005004002
2018	23023970500	23005011500
2018	23023970500	23005000500
2018	23023970302	23005002900
2018	23023970500	23005002700
2018	23023970301	23005003300
2018	23023970400	23005004002
2018	23023970100	23005002900
2018	23023970500	23005004702
2018	23023970302	23005001700
2018	23023970302	23005001700
2018	23023970500	23005004401
2018	23023970500	23005000300
2018	23023970700	23005000600
2018	23023970100	23005004803
2018	23023970500	23005001300
2018	23023970200	23005011500
2018	23023970301	23005014000
2018	23023970301	23005002502
2018	23023970200	23005003300
2018	23023970302	23005011202
2018	23023970100	23005004803
2018	23023970500	23005014000
2018	23023970302	23005000600
2018	23023970200	23005002300
2018	23023970301	23005004401
2018	23023970302	23005011202
2018	23023970301	23005004702
2018	23023970700	23005002502
2018	23023970500	23005004801
2018	23023970700	23005001200
2018	23023970500	23005011202
2018	23023970700	23005001900
2018	23023970100	23005004702
2018	23023970700	23005002800
2018	23023970100	23005011500
2018	23023970700	23005017301
2018	23023970500	23005017102
2018	23023970200	23005003500
2018	23023970301	23005003300
2018	23023970301	23005001300
2018	23023970500	23005002102
2018	23023970301	23005003300
2018	23023970200	23005003500
2018	23023970302	23005004401
2018	23023970302	23005011100
2018	23023970301	23005011100
2018	23023970500	23005001800
2018	23023970301	23005003100
2018	23023970700	23005002300
2018	23023970301	23005011202
2018	23023970500	23005014000
2018	23023970500	23005011202
2018	23023970700	23005004401
2018	23023970301	23005011201
2018	23023970400	23005004801
2018	23023970302	23005003000
2018	23023970200	23005004702
2018	23023970400	23005013000
2018	23023970301	23005017101
2018	23023970302	23005001000
2018	23023970302	23005003000
2018	23023970400	23005004502
2018	23023970500	23005001900
2018	23023970302	23005017301
2018	23023970301	23005002002
2018	23023970301	23005011202
2018	23023970500	23005002600
2018	23023970301	23005017101
2018	23023970500	23005004002
2018	23023970302	23005003000
2018	23023970500	23005014000
2018	23023970301	23005004002
2018	23023970301	23005004803
2018	23023970500	23005004803
2018	23023970500	23005002300
2018	23023970200	23005002102
2018	23023970400	23005017303
2018	23023970600	23005011100
2018	23023970600	23005001200
2018	23023970500	23005004803
2018	23023970600	23005016000
2018	23023970500	23005003500
2018	23023970301	23005011100
2018	23023970301	23005001800
2018	23023970500	23005017001
2018	23023970302	23005003100
2018	23023970200	23005002002
2018	23023970500	23005002900
2018	23023970301	23005016000
2018	23023970600	23005003100
2018	23023970302	23005001100
2018	23023970100	23005014000
2018	23023970400	23005000100
2018	23023970302	23005004803
2018	23023970301	23005003000
2018	23023970301	23005004402
2018	23023970302	23005017301
2018	23023970500	23005011300
2018	23023970500	23005002800
2018	23023970302	23005011202
2018	23023970500	23005004803
2018	23023970301	23005016500
2018	23023970301	23005002300
2018	23023970302	23005004803
2018	23023970200	23005004702
2018	23023970100	23005002002
2018	23023970500	23005002002
2018	23023970100	23005004401
2018	23023970100	23005004002
2018	23023970500	23005002300
2018	23023970301	23005003000
2018	23023970301	23005002502
2018	23023970700	23005002800
2018	23023970200	23005001900
2018	23023970302	23005016500
2018	23023970100	23005004100
2018	23023970302	23005017301
2018	23023970301	23005011202
2018	23023970100	23005001300
2018	23023970301	23005004702
2018	23023970301	23005002300
2018	23023970500	23005004702
2018	23023970400	23005004801
2018	23023970600	23005000300
2018	23023970100	23005002400
2018	23023970400	23005002900
2018	23023970600	23005001700
2018	23023970302	23005017304
2018	23023970302	23005011500
2018	23023970301	23005002300
2018	23023970301	23005001900
2018	23023970301	23005017101
2018	23023970700	23005017301
2018	23023970500	23005003300
2018	23023970200	23005015000
2018	23023970301	23005000600
2018	23023970500	23005016000
2018	23023970500	23005000600
2018	23023970301	23005004803
2018	23023970200	23005011201
2018	23023970301	23005002102
2018	23023970600	23005002900
2018	23023970700	23005001800
2018	23023970500	23005004803
2018	23023970302	23005015000
2018	23023970500	23005002900
2018	23023970301	23005004803
2018	23023970302	23005011202
2018	23023970302	23005000100
2018	23023970500	23005017301
2018	23023970302	23005004100
2018	23023970100	23005011500
2018	23023970500	23005017001
2018	23023970600	23005004803
2018	23023970301	23005002102
2018	23023970700	23005002200
2018	23023970700	23005004402
2018	23023970302	23005017002
2018	23023970100	23005004803
2018	23023970700	23005004002
2018	23023970500	23005017301
2018	23023970100	23005001800
2018	23023970302	23005002002
2018	23023970600	23005014000
2018	23023970100	23005003500
2018	23023970301	23005004702
2018	23023970500	23005011202
2018	23023970400	23005004701
2018	23023970301	23005017001
2018	23023970700	23005014000
2018	23023970700	23005003701
2018	23023970301	23005012000
2018	23023970301	23005001800
2018	23023970700	23005000200
2018	23023970301	23005017101
2018	23023970500	23005003300
2018	23023970302	23005017304
2018	23023970700	23005003300
2018	23023970500	23005000500
2018	23023970200	23005011201
2018	23023970301	23005004401
2018	23023970500	23005001700
2018	23023970302	23005004100
2018	23023970302	23005003100
2018	23023970302	23005017303
2018	23023970700	23005017303
2018	23023970301	23005011202
2018	23023970301	23005017301
2018	23023970301	23005011202
2018	23023970100	23005003100
2018	23023970301	23005011202
2018	23023970301	23005011202
2018	23023970302	23005015000
2018	23023970302	23005017101
2018	23023970100	23005003000
2018	23023970100	23005003100
2018	23023970700	23005004401
2018	23023970100	23005003100
2018	23023970302	23005002300
2018	23023970500	23005001700
2018	23023970500	23005004702
2018	23023970500	23005000300
2018	23023970301	23005001100
2018	23023970500	23005004702
2018	23023970100	23005017304
2018	23023970302	23005004100
2018	23023970100	23005004702
2018	23023970400	23005011202
2018	23023970700	23005000100
2018	23023970700	23005011201
2018	23023970700	23005016000
2018	23023970301	23005017301
2018	23023970302	23005011300
2018	23023970302	23005001700
2018	23023970301	17177000700
2018	23023970301	17177000600
2018	23023970500	17177000800
2018	23023970100	17177001300
2018	23023970302	17177000800
2018	23023970302	17177000700
2018	23023970500	17177000500
2018	23023970400	17177000200
2018	23023970500	17177000800
2018	23023970301	17177000800
2018	23023970100	17177000200
2018	23023970500	17177000800
2018	23023970302	17177000800
2018	23023970302	36119012501
2018	23023970302	23003952400
2018	23023970100	23003952900
2018	23023970200	23003952400
2018	23023970301	23003951800
2018	23023970301	23003952600
2018	23023970302	23003951800
2018	23023970500	23003952400
2018	23023970700	23003950900
2018	23023970400	23003950900
2018	23023970301	23003952000
2018	23023970400	23003952100
2018	23023970302	23003950700
2018	23023970400	23003952000
2018	23023970500	23003950200
2018	23023970301	23003950200
2018	23023970302	23003951600
2018	23023970301	23003950200
2018	23023970500	23003950100
2018	23023970200	23003951000
2018	23023970400	23003951200
2018	23023970301	23003950100
2018	23023970500	23003952900
2018	23023970301	23003951600
2018	23023970301	23003950300
2018	23023970400	23003951100
2018	23023970302	23003952000
2018	23023970302	23003952000
2018	23023970302	23003951600
2018	23023970500	23003952400
2018	23023970302	23003952000
2018	23023970500	23003950600
2018	23023970302	36067015700
2018	23023970302	36067000800
2018	23023970600	36067005602
2018	23023970500	36067003200
2018	23023970302	23031006102
2018	23023970301	23031022500
2018	23023970500	23031020000
2018	23023970100	23031006102
2018	23023970500	23031020000
2018	23023970200	23031005400
2018	23023970400	23031026000
2018	23023970500	23031025201
2018	23023970100	23031025202
2018	23023970500	23031030202
2018	23023970100	23031020000
2018	23023970500	23031025201
2018	23023970200	23031006101
2018	23023970600	23031028001
2018	23023970700	23031005300
2018	23023970301	23031030201
2018	23023970302	23031005200
2018	23023970200	23031005300
2018	23023970500	23031022500
2018	23023970700	23031022000
2018	23023970700	23031031000
2018	23023970500	23031029000
2018	23023970100	23031022500
2018	23023970200	23031027000
2018	23023970100	23031005400
2018	23023970100	23031005300
2018	23023970302	23031031000
2018	23023970302	23031025202
2018	23023970500	23031005300
2018	23023970500	23031025201
2018	23023970301	23031020000
2018	23023970200	23031006102
2018	23023970100	23031025202
2018	23023970500	23031027000
2018	23023970301	23031024000
2018	23023970200	23031025202
2018	23023970700	23031025201
2018	23023970500	23031005200
2018	23023970301	23031022000
2018	23023970302	23031005200
2018	23023970500	23031005300
2018	23023970301	23031036002
2018	23023970400	23031025202
2018	23023970500	23031028001
2018	23023970301	23031025201
2018	23023970600	23031025201
2018	23023970302	23031025201
2018	23023970700	23031028001
2018	23023970302	23031025202
2018	23023970400	23031030202
2018	23023970400	23031030203
2018	23023970500	23031025202
2018	23023970100	23031005200
2018	23023970500	23031024000
2018	23023970100	23031021000
2018	23023970700	23031025202
2018	23023970500	23031037000
2018	23023970302	23031024000
2018	23023970500	23031025400
2018	23023970100	23031005200
2018	23023970700	23031025202
2018	23023970301	23031025201
2018	23023970301	23031025202
2018	23023970500	23031028001
2018	23023970100	23031020000
2018	23023970100	23031028001
2018	23023970500	23031025201
2018	23023970301	23031035000
2018	23023970302	23031025202
2018	23023970302	23031024000
2018	23023970301	23031028001
2018	23023970302	23031006102
2018	23023970100	23031028002
2018	23023970302	23031038001
2018	23023970302	23031022500
2018	23023970302	23031005300
2018	23023970301	23031006102
2018	23023970700	23031021000
2018	23023970302	23031025202
2018	23023970400	23031025202
2018	23023970500	23031005300
2018	23023970302	23031028001
2018	23023970700	23031031000
2018	23023970500	23031038001
2018	23023970301	23031025201
2018	23023970100	23031025201
2018	23023970302	23031025202
2018	23023970400	23031006102
2018	23023970302	23031005400
2018	23023970700	23031025202
2018	23023970700	23031025201
2018	23023970400	23031028001
2018	23023970500	23031030203
2018	23023970200	23031026000
2018	23023970301	23031025201
2018	23023970500	23031025202
2018	23023970400	23031025400
2018	23023970302	23031020000
2018	23023970400	23031006102
2018	23023970500	23031029000
2018	23023970500	23031024500
2018	23023970700	23031025202
2018	23023970100	23031005400
2018	23023970302	23031038002
2018	23023970301	23031025202
2018	23023970500	23031005300
2018	23023970100	23031005200
2018	23023970100	23031030203
2018	23023970500	23031005300
2018	23023970500	23031006102
2018	23023970500	23031006102
2018	23023970700	23031028002
2018	23023970500	23031020000
2018	23023970301	23031006101
2018	23023970500	23031029000
2018	23023970100	23031025201
2018	23023970100	23031025202
2018	23023970302	23031028002
2018	23023970500	23031006102
2018	23023970302	23031025202
2018	23023970500	23031026000
2018	23023970700	23031030100
2018	23023970100	23031031000
2018	23023970200	23031021000
2018	23023970200	23031028002
2018	23023970100	23031025400
2018	23023970301	23031005200
2018	23023970500	23031023500
2018	23023970302	23031027000
2018	23023970500	23031005200
2018	23023970500	23031025202
2018	23023970200	23031025202
2018	23023970500	23031025202
2018	23023970400	23031030201
2018	23023970500	23031005300
2018	23023970302	23031024000
2018	23023970302	23031005300
2018	23023970301	23031005300
2018	23023970302	23031025201
2018	23023970301	23031029000
2018	23023970500	23031005300
2018	23023970500	23031024500
2018	23023970500	23031005300
2018	23023970700	23031005300
2018	23023970500	23031025202
2018	23023970500	23031025100
2018	23023970301	23031020000
2018	23023970200	23031025201
2018	23023970301	23031026000
2018	23023970500	23031030202
2018	23023970500	23031030100
2018	23023970302	23031022000
2018	23023970500	23031030300
2018	23023970302	23031005300
2018	23023970100	23031006102
2018	23023970600	23031028001
2018	23023970302	23031005200
2018	23023970301	23031005400
2018	23023970100	23031025202
2018	23023970100	23021960700
2018	23023970700	23021960700
2018	23023970500	23021960700
2018	23023970302	23021960500
2018	23023970500	23021960700
2018	23023970500	23021960700
2018	23023970700	23021960700
2018	23023970400	23021960700
2018	23023970500	23021960301
2018	23023970700	23021960301
2018	23023970302	23021960700
2018	23023970100	23021960301
2018	23023970301	23021960600
2018	23023970500	23021960800
2018	23023970500	23021960800
2018	23023970100	23021960800
2018	23023970500	23021960800
2018	23023970700	23021960800
2018	23023970500	23021960700
2018	23023970301	23021960301
2018	23023970301	23021960600
2018	23023970100	23021960400
2018	23023970500	23021960700
2018	23023970302	23021960301
2018	23023970302	23021960800
2018	23023970301	23021960800
2018	23023970302	23021960800
2018	23023970500	23021960500
2018	23023970500	23021960800
2018	23023970500	23021960700
2018	23023970100	23021960800
2018	23023970500	23021960700
2018	23023970200	23021960800
2018	23023970500	23021960301
2018	23023970700	23021960700
2018	23023970700	23011010600
2018	23023970400	23011024200
2018	23023970500	23011024200
2018	23023970200	23011011000
2018	23023970301	23011010801
2018	23023970400	23011022000
2018	23023970200	23011025000
2018	23023970200	23011023001
2018	23023970500	23011010600
2018	23023970301	23011019000
2018	23023970500	23011010500
2018	23023970100	23011024101
2018	23023970500	23011022000
2018	23023970301	23011011000
2018	23023970301	23011018000
2018	23023970100	23011015500
2018	23023970700	23011024102
2018	23023970500	23011010500
2018	23023970500	23011016000
2018	23023970100	23011010600
2018	23023970400	23011025000
2018	23023970302	23011024102
2018	23023970500	23011024101
2018	23023970200	23011024102
2018	23023970302	23011013000
2018	23023970302	23011010900
2018	23023970100	23011024200
2018	23023970302	23011024102
2018	23023970301	23011010600
2018	23023970500	23011025000
2018	23023970500	23011010900
2018	23023970302	23011010600
2018	23023970500	23011010600
2018	23023970500	23011010802
2018	23023970301	23011024101
2018	23023970100	23011010802
2018	23023970302	23011024102
2018	23023970500	23011024101
2018	23023970500	23011010900
2018	23023970301	23011010600
2018	23023970500	23011024101
2018	23023970500	23011023001
2018	23023970200	23011016000
2018	23023970500	23011013000
2018	23023970301	23011024102
2018	23023970302	23011024200
2018	23023970500	23011021000
2018	23023970500	23011024102
2018	23023970700	23011014000
2018	23023970100	23011010500
2018	23023970500	23011010600
2018	23023970500	23011023001
2018	23023970301	23011024102
2018	23023970600	23011010802
2018	23023970302	23011013000
2018	23023970302	23011010200
2018	23023970100	23011014000
2018	23023970301	23011024200
2018	23023970100	23011010600
2018	23023970301	23011012000
2018	23023970301	23011013000
2018	23023970200	23011010600
2018	23023970100	23011024101
2018	23023970400	23011024102
2018	23023970301	23011010300
2018	23023970200	23011023001
2018	23023970302	23011024200
2018	23023970700	23011014000
2018	23023970500	23011010500
2018	23023970500	23011010600
2018	23023970600	23011016000
2018	23023970100	23011010600
2018	23023970400	23011025000
2018	23023970400	23011024102
2018	23023970700	23011010600
2018	23023970100	23011025000
2018	23023970301	23011024102
2018	23023970302	23011010300
2018	23023970302	23011018000
2018	23023970302	23011024200
2018	23023970700	23011021000
2018	23023970500	23011010900
2018	23023970301	23011015500
2018	23023970200	23011010600
2018	23023970700	23011014000
2018	23023970500	23011010500
2018	23023970700	23011024102
2018	23023970100	23011023001
2018	23023970500	23011010500
2018	23023970500	23011023001
2018	23023970500	23011023001
2018	23023970302	23011010300
2018	23023970700	23011024101
2018	23023970200	23011024101
2018	23023970302	23011010600
2018	23023970500	23011010300
2018	23023970400	23011010300
2018	23023970301	23011010802
2018	23023970301	23011024102
2018	23023970200	23011025000
2018	23023970500	23011024101
2018	23023970500	23011024200
2018	23023970302	23011014000
2018	23023970400	23011015000
2018	23023970200	23011013000
2018	23023970302	23011024102
2018	23023970100	23011015500
2018	23023970301	23011025000
2018	23023970302	23011010300
2018	23023970100	23011016000
2018	23023970500	23011024102
2018	23023970400	23011014000
2018	23023970500	23011013000
2018	23023970302	23011010300
2018	23023970302	23011018000
2018	23023970302	23011012000
2018	23023970301	23011014000
2018	23023970302	23011024200
2018	23023970700	23011010600
2018	23023970302	23011012000
2018	23023970200	23011024102
2018	23023970700	23011024101
2018	23023970100	23011024101
2018	23023970200	23011024102
2018	23023970500	23011015000
2018	23023970100	23011024102
2018	23023970500	23011012000
2018	23023970500	23011024102
2018	23023970200	23011012000
2018	23023970302	23011012000
2018	23023970301	23011024102
2018	23023970500	23011012000
2018	23023970100	23011010600
2018	23023970302	23011010900
2018	23023970302	23011023001
2018	23023970500	23011010600
2018	23023970301	23011011000
2018	23023970500	23011023001
2018	23023970500	23011024102
2018	23023970100	23011010100
2018	23023970200	23011010500
2018	23023970302	23011019000
2018	23023970302	23011024200
2018	23023970302	23011017000
2018	23023970500	23011024102
2018	23023970100	23011010300
2018	23023970301	23011024102
2018	23023970500	23011019000
2018	23023970400	23011010600
2018	23023970500	23011024101
2018	23023970500	23011014000
2018	23023970301	23011012000
2018	23023970302	23011010500
2018	23023970302	23011010802
2018	23023970400	23011010600
2018	23023970400	23011010802
2018	23023970100	23011011000
2018	23023970200	23011025000
2018	23023970400	23011011000
2018	23023970500	23011010900
2018	23023970500	23011024101
2018	23023970200	23011024200
2018	23023970200	23011010200
2018	23023970700	23011023001
2018	23023970500	23011012000
2018	23023970700	23011023001
2018	23023970500	23011023001
2018	23023970500	23011010600
2018	23023970301	23011010600
2018	23023970500	23011010300
2018	23023970500	23011025000
2018	23023970302	23011023001
2018	23023970600	23011024101
2018	23023970500	23011024102
2018	23023970301	23011020500
2018	23023970301	23011024102
2018	23023970500	23011023001
2018	23023970100	23011024102
2018	23023970302	23011021000
2018	23023970301	23011018000
2018	23023970700	23011023001
2018	23023970500	23011024101
2018	23023970700	23011024101
2018	23023970302	23011024102
2018	23023970500	23011022000
2018	23023970302	23011010300
2018	23023970500	23011024102
2018	23023970500	23011010802
2018	23023970100	23011017000
2018	23023970302	23011012000
2018	23023970100	23011010500
2018	23023970100	23011024101
2018	23023970500	23011011000
2018	23023970500	23011017000
2018	23023970200	23011024102
2018	23023970302	23011023001
2018	23023970301	23011010600
2018	23023970200	23011016000
2018	23023970100	23011024102
2018	23023970500	23011024200
2018	23023970500	23011010802
2018	23023970301	23011022000
2018	23023970301	23011021000
2018	23023970500	23011021000
2018	23023970500	23011013000
2018	23023970500	23011025000
2018	23023970302	23011012000
2018	23023970500	23011024101
2018	23023970301	23011010600
2018	23023970500	23011023001
2018	23023970302	23011010600
2018	23023970302	23011010802
2018	23023970500	23011010600
2018	23023970301	23011010300
2018	23023970500	23011012000
2018	23023970100	23011012000
2018	23023970302	23011023001
2018	23023970400	23011011000
2018	23023970400	23011012000
2018	23023970200	23011016000
2018	23023970500	23011010500
2018	23023970700	23011025000
2018	23023970500	23011018000
2018	23023970500	23011010100
2018	23023970302	23011010200
2018	23023970500	23011010600
2018	23023970301	23011010500
2018	23023970200	23011025000
2018	23023970100	23011023001
2018	23023970500	23011010600
2018	23023970301	23011010600
2018	23023970100	23011010300
2018	23023970500	23011011000
2018	23023970302	23011024200
2018	23023970700	23011010500
2018	23023970100	23011013000
2018	23023970700	23011011000
2018	23023970301	23011010600
2018	23023970302	16083001100
2018	23023970100	16083000800
2018	23023970302	16083000800
2018	23023970500	16083000800
2018	23023970302	16083001100
2018	23023970100	16083001000
2018	23023970500	16083000800
2018	23023970500	16083001500
2018	23023970500	16083000700
2018	23023970100	16083000800
2018	23023970302	16083000700
2018	23023970700	16083000700
2018	23023970100	16083001100
2018	23023970700	16083000200
2018	23023970500	16083001300
2018	23023970500	16083000700
2018	23023970100	16083001000
2018	23023970500	16083000300
2018	23023970302	16083000300
2018	23023970301	16083000800
2018	23023970500	16083000800
2018	23023970700	16083000800
2018	23023970302	16083001200
2018	23023970400	16083001000
2018	23023970302	16083001200
2018	23023970100	33017083001
2018	23023970500	33017084300
2018	23023970500	33017080203
2018	23023970400	33017081400
2018	23023970301	33017080203
2018	23023970301	33017081300
2018	23023970500	33017081300
2018	23023970301	33017080203
2018	23023970301	33017081500
2018	23023970302	33017081100
2018	23023970301	33017081300
2018	23023970301	33017081100
2018	23023970200	33017081600
2018	23023970400	33017084200
2018	23023970301	33017082000
2018	23023970700	33017080203
2018	23023970700	33017080204
2018	23023970500	33017080204
2018	23023970200	36113070701
2018	23023970100	36113073500
2018	23023970700	36113070701
2018	23023970100	36113072000
2018	23023970700	36113071000
2018	23023970500	36113070400
2018	23023970200	36113070400
2018	23023970100	50015953500
2018	23023970301	50015953500
2018	23023970500	50015953600
2018	23023970302	50015953000
2018	23023970700	50015953100
2018	23023970500	50015953400
2018	23023970302	50015953400
2018	23023970100	50015953600
2018	23023970500	50015953500
2018	23023970302	50015953600
2018	23023970500	50015953100
2018	23023970500	23025965700
2018	23023970100	23025967000
2018	23023970100	23025966800
2018	23023970500	23025965700
2018	23023970500	23025965800
2018	23023970100	23025966800
2018	23023970100	23025966000
2018	23023970500	23025966200
2018	23023970700	23025966600
2018	23023970700	23025966000
2018	23023970301	23025966800
2018	23023970200	23025967000
2018	23023970100	23025966000
2018	23023970301	23025966300
2018	23023970301	23025966500
2018	23023970700	23025965800
2018	23023970301	23025965800
2018	23023970200	23025966000
2018	23023970500	23025967000
2018	23023970302	23025965800
2018	23023970301	49051960400
2018	23023970301	49051960100
2018	23023970400	49051960200
2018	23023970302	49051940500
2018	23023970400	49051940500
2018	23023970302	49051960400
2018	23023970700	49051940500
2018	23023970100	49051940500
2018	23023970301	49051960200
2018	23023970500	49051960100
2018	23023970200	49051960200
2018	23023970301	49051960400
2018	23023970100	49051960200
2018	23023970301	49051960200
2018	23023970200	49051940500
2018	23023970301	49051940500
2018	23023970500	49051960100
2018	23023970301	49051960400
2018	23023970700	49051960200
2018	23023970700	49051960400
2018	23023970301	49051960400
2018	23023970500	49051940500
2018	23023970400	49051940500
2018	23023970700	49051940500
2018	23023970301	49051940500
2018	23023970301	49051960200
2018	23023970700	49051940500
2018	23023970100	49051940500
2018	23023970301	49051960100
2018	23023970302	49051960200
2018	23023970301	49051960200
2018	23023970301	49051940500
2018	23023970301	49051960200
2018	23023970700	49051960200
2018	23023970500	49051960200
2018	23023970302	49051940500
2018	23023970100	49051940500
2018	23023970100	49051940500
2018	23023970500	49051960200
2018	23023970400	49051940500
2018	23023970302	49051960200
2018	23023970700	49051940500
2018	23023970301	49051940500
2018	23023970302	49051960100
2018	23023970302	49051940500
2018	23023970200	49051960200
2018	23023970301	49051960400
2018	23023970301	49051940500
2018	23023970301	49051960100
2018	23023970100	49051960400
2018	23023970302	49051960200
2018	23023970302	49051940500
2018	23023970700	49051940500
2018	23023970500	23009965504
2018	23023970302	23009965300
2018	23023970100	23009965300
2018	23023970700	23009965300
2018	23023970500	23009965400
2018	23023970500	23009966700
2018	23023970302	23009965300
2018	23023970600	23009966600
2018	23023970302	23009965200
2018	23023970302	23009965503
2018	23023970500	23009965503
2018	23023970302	23009966100
2018	23023970302	23009965200
2018	23023970500	23009966500
2018	23023970700	23009966700
2018	23023970100	23009966700
2018	23023970302	23009966700
2018	23023970100	23009966700
2018	23023970302	23009965900
2018	23023970301	23009965503
2018	23023970700	23009966700
2018	23023970200	23009966000
2018	23023970600	23009965300
2018	23023970100	23009965400
2018	23023970200	23009965504
2018	23023970500	23009965400
2018	23023970302	23009965900
2018	23023970100	23009966700
2018	23023970100	23009965400
2018	23023970301	23009966700
2018	23023970600	23009965300
2018	23023970200	23009965100
2018	23023970500	23009965503
2018	23023970100	23009965900
2018	23023970700	23009965300
2018	23023970400	23009965503
2018	23023970500	23009966000
2018	23023970301	23009965700
2018	23023970200	23009965300
2018	23023970700	23009966200
2018	23023970100	23009965504
2018	23023970500	23009965504
2018	23023970302	23009965900
2018	23023970302	23009966400
2018	23023970400	23009965200
2018	23023970301	23009965900
2018	23023970302	23009965700
2018	23023970302	23009966700
2018	23023970200	23009965400
2018	23023970100	23009966400
2018	23023970700	23009965700
2018	23023970600	23009965700
2018	23023970700	23009966400
2018	23023970400	23009965503
2018	23023970301	23009965900
2018	23023970400	23009965300
2018	23023970301	23009966400
2018	23023970302	23009965200
2018	23023970500	23009965300
2018	23023970500	23009965200
2018	23023970301	23009965400
2018	23023970302	23009966400
2018	23023970302	23009965503
2018	23023970200	23009966700
2018	23023970700	23009966400
2018	23023970600	23009965300
2018	23023970302	23009965200
2018	23023970700	23009966100
2018	23023970302	23009965400
2018	23023970301	23009966300
2018	23023970100	23009966400
2018	23023970600	23009965400
2018	23023970500	23009965700
2018	23023970500	23009966200
2018	23023970301	23009965503
2018	23023970500	23009965503
2018	23023970100	23009965503
2018	23023970302	23009966700
2018	23023970700	23009965400
2018	23023970500	23009965300
2018	23023970400	23009965900
2018	23023970301	23009965300
2018	23023970301	23009966500
2018	23023970100	23009966700
2018	23023970500	23009966700
2018	23023970500	23009965503
2018	23023970700	23009965300
2018	23023970100	23009965900
2018	23023970302	23009966400
2018	23023970301	23009965300
2018	23023970100	23009965900
2018	23023970100	23009966400
2018	23023970200	23009966200
2018	23023970302	23009965700
2018	23023970302	23009965400
2018	23023970302	23009965300
2018	23023970100	23009966500
2018	23023970500	23009965503
2018	23023970400	23009965300
2018	23023970302	23009965900
2018	23023970600	23009965400
2018	23023970200	23009965504
2018	23023970200	23009965503
2018	23023970200	23009966000
2018	23023970302	23009966700
2018	23023970100	23009965300
2018	23023970500	23009965700
2018	23023970400	23009965300
2018	23023970302	23009965900
2018	23023970400	23009966400
2018	23023970700	23009965900
2018	23023970301	23009965503
2018	23023970500	23009966700
2018	23023970200	23009965400
2018	23023970700	23009965503
2018	23023970302	23009966400
2018	23023970301	23009965504
2018	23023970700	23009966600
2018	23023970200	23009965700
2018	23023970600	23009965300
2018	23023970700	23009966400
2018	23023970301	23009965900
2018	23023970302	23009965300
2018	23023970302	23009965300
2018	23023970200	23009965900
2018	23023970302	23009966400
2018	23023970200	23009965503
2018	23023970700	23009965900
2018	23023970500	23009966200
2018	23023970200	23009966400
2018	23023970301	23009966500
2018	23023970100	23009965400
2018	23023970600	23009966400
2018	23023970500	23009965300
2018	23023970100	23009966700
2018	23023970301	23009965300
2018	23023970302	23009966400
2018	23023970500	23009965504
2018	23023970302	23009966400
2018	23023970301	23009965900
2018	23023970400	23009966400
2018	23023970100	23009966400
2018	23023970700	23009965300
2018	23023970200	23009965900
2018	23023970400	23009966100
2018	23023970302	23009966300
2018	23023970500	23009965900
2018	23023970301	23009965300
2018	23023970301	23009965900
2018	23023970400	23009965400
2018	23023970302	23009966400
2018	23023970100	23009966400
2018	23023970302	23009966400
2018	23023970100	23009965300
2018	23023970301	23009965300
2018	23023970301	23009966700
2018	23023970100	23009965300
2018	23023970302	23009966400
2018	23023970500	23009965503
2018	23023970100	23009965300
2018	23023970301	23009965300
2018	23023970302	23009965300
2018	23023970302	23009965200
2018	23023970200	23009966300
2018	23023970500	23009966400
2018	23023970400	23009965300
2018	23023970400	23009965300
2018	23023970500	23009966400
2018	23023970200	23009966600
2018	23023970302	23009965300
2018	23023970100	23009966100
2018	23023970200	23009965300
2018	23023970301	23009965503
2018	23023970301	23009966700
2018	23023970301	23009965700
2018	23023970500	23009966500
2018	23023970500	23009965200
2018	23023970302	23009965300
2018	23023970302	23009965503
2018	23023970302	23009966700
2018	23023970100	23009965900
2018	23023970500	23009965300
2018	23023970302	23009966400
2018	23023970200	23009966700
2018	23023970301	23009966700
2018	23023970400	23009965300
2018	23023970302	23009965300
2018	23023970500	23009966500
2018	23023970400	23009965200
2018	23023970600	23009965300
2018	23023970302	23009965700
2018	23023970100	23009965300
2018	23023970301	23009966300
2018	23023970301	23009965900
2018	23023970301	23009965900
2018	23023970301	23009965200
2018	23023970400	23009966500
2018	23023970302	23009966400
2018	23023970301	23027045000
2018	23023970400	23027041000
2018	23023970200	23027043000
2018	23023970301	23015975100
2018	23023970400	23015975200
2018	23023970100	23015975100
2018	23023970200	23015975700
2018	23023970500	23015975500
2018	23023970301	23015975300
2018	23023970200	23015975100
2018	23023970700	23015975200
2018	23023970302	23015975100
2018	23023970500	23015975100
2018	23023970301	23015975200
2018	23023970500	23015975300
2018	23023970200	23015975300
2018	23023970500	23015975500
2018	23023970302	23015975100
2018	23023970302	23015975300
2018	23023970500	23015975100
2018	23023970301	23015975600
2018	23023970500	23015975100
2018	23023970301	23015975100
2018	23023970500	23015975300
2018	23023970100	23015975500
2018	23023970301	23015975500
2018	23023970302	23015975100
2018	23023970700	23015975200
2018	23023970301	23015975300
2018	23023970200	23015975300
2018	23023970500	23015975100
2018	23023970100	23015975200
2018	23023970200	23015975300
2018	23023970200	23015975400
2018	23023970500	23015975200
2018	23023970100	23015975500
2018	23023970100	23015975500
2018	23023970500	23015975100
2018	23023970700	23015975300
2018	23023970500	23015975200
2018	23023970301	23015975500
2018	23023970100	23015975500
2018	23023970301	23015975100
2018	23023970200	23015975300
2018	23023970200	23015975500
2018	23023970302	23015975300
2018	23023970200	23015975200
2018	23023970400	23015975400
2018	23023970600	23015975500
2018	23023970200	23015975500
2018	23023970600	23015975200
2018	23023970302	23015975300
2018	23023970500	23015975700
2018	23023970302	23015975600
2018	23023970700	23015975100
2018	23023970600	23015975500
2018	23023970301	23015975600
2018	23023970600	23015975600
2018	23023970500	23015975500
2018	23023970301	23015975300
2018	23023970500	23015975600
2018	23023970700	23015975700
2018	23023970200	23015975100
2018	23023970500	23015975200
2018	23023970500	23015975100
2018	23023970200	23015975300
2018	23023970301	23015975300
2018	23023970301	23015975100
2018	23023970301	23015975400
2018	23023970700	23015975500
2018	23023970302	23015975500
2018	23023970600	23015975100
2018	23023970301	23015975300
2018	23023970700	23015975700
2018	23023970200	23015976200
2018	23023970301	23015975700
2018	23023970200	23015975500
2018	23023970500	23015975100
2018	23023970100	23015975300
2018	23023970600	23015975300
2018	23023970301	23015975500
2018	23023970700	23015975500
2018	23023970301	23015975200
2018	23023970500	23015975500
2018	23023970500	23015975500
2018	23023970301	23015975600
2018	23023970400	23015975300
2018	23023970301	23015975300
2018	23023970301	23015975500
2018	23023970302	23015975200
2018	23023970301	23015975300
2018	23023970100	23015975600
2018	23023970100	23015975200
2018	23023970500	23015975300
2018	23023970700	23015975200
2018	23023970301	23015975600
2018	23023970301	23015975100
2018	23023970200	23015975700
2018	23023970400	23015975400
2018	23023970200	23015975300
2018	23023970302	23015975200
2018	23023970500	23015975600
2018	23023970302	23015975500
2018	23023970302	23015976200
2018	23023970700	23015975300
2018	23023970302	23015975300
2018	23023970700	23015975600
2018	23023970301	23015975500
2018	23023970302	23015975300
2018	23023970600	23015975500
2018	23023970400	23015975300
2018	23023970500	23015975300
2018	23023970100	23015975300
2018	23023970200	23015975500
2018	23023970500	23015975100
2018	23023970700	23015975600
2018	23023970500	23015975500
2018	23023970301	23015976200
2018	23023970500	23015975700
2018	23023970500	23015975400
2018	23023970302	23015975500
2018	23023970500	23015975200
2018	23023970301	23015975100
2018	23023970302	23015975400
2018	23023970302	23015975400
2018	23023970100	23015975100
2018	23023970500	23015975300
2018	23023970500	23015975200
2018	23023970301	23015975500
2018	23023970301	23015975100
2018	23023970302	23015975600
2018	23023970400	23015975100
2018	23023970500	23015975600
2018	23023970500	23015975300
2018	23023970500	23015975500
2018	23023970301	23015975500
2018	23023970301	23015975600
2018	23023970100	23015975300
2018	23023970301	23015975300
2018	23023970100	23015975100
2018	23023970200	23015975100
2018	23023970500	23015975700
2018	23023970302	23015975100
2018	23023970400	23015975200
2018	23023970301	23015975500
2018	23023970301	23015975500
2018	23023970500	22089062900
2018	23023970200	22089063100
2018	23023970500	22089062900
2018	23023970400	22089063100
2018	23023970302	22089063100
2018	23023970301	23013970400
2018	23023970100	23013971000
2018	23023970700	23013970300
2018	23023970100	23013970300
2018	23023970301	23013970700
2018	23023970200	23013970400
2018	23023970100	23013970200
2018	23023970100	23013970400
2018	23023970302	23013970600
2018	23023970302	23013970300
2018	23023970301	23013970300
2018	23023970301	23013970700
2018	23023970302	23013970700
2018	23023970302	23013971000
2018	23023970302	23013970800
2018	23023970200	23013970400
2018	23023970700	23013970400
2018	23023970100	23013970600
2018	23023970200	23013970700
2018	23023970100	23013970700
2018	23023970301	23013970400
2018	23023970100	23013971000
2018	23023970200	23013970400
2018	23023970200	23013970400
2018	23023970700	46071961100
2018	23023970700	46071961100
2018	23023970500	46071961100
2018	23023970301	46071961100
2018	23023970302	46071961100
2018	23023970100	46071961100
