year	origin	destination
2018	4013420704	23023970700
2018	4013420800	23023970700
2018	4013723307	23023970600
2018	4013040515	23023970200
2018	6073000300	23023970400
2018	6073011300	23023970301
2018	6073017304	23023970600
2018	6073018517	23023970100
2018	6073003103	23023970700
2018	6073020306	23023970100
2018	6073002903	23023970302
2018	6073020109	23023970700
2018	6073002803	23023970500
2018	6073017604	23023970700
2018	6073006100	23023970301
2018	6073020806	23023970302
2018	6073008344	23023970302
2018	6073005300	23023970100
2018	6073011902	23023970200
2018	6073017200	23023970301
2018	6073018802	23023970700
2018	6073018700	23023970600
2018	6073009102	23023970100
2018	6073008348	23023970700
2018	6073020027	23023970302
2018	6073008327	23023970302
2018	6073004501	23023970600
2018	6073012304	23023970301
2018	6073002402	23023970100
2018	6073017604	23023970700
2018	6073013312	23023970700
2018	6073002711	23023970302
2018	6073009304	23023970700
2018	6073008346	23023970700
2018	6073017039	23023970700
2018	6073017043	23023970100
2018	6073019405	23023970302
2018	6073015703	23023970700
2018	6073001600	23023970500
2018	6073017304	23023970700
2018	6073018700	23023970700
2018	6073017052	23023970302
2018	6073010112	23023970301
2018	6073002202	23023970302
2018	6073017046	23023970500
2018	6073015000	23023970200
2018	6073005300	23023970700
2018	6073020018	23023970600
2018	6073020213	23023970200
2018	6073020708	23023970500
2018	6073009804	23023970100
2018	6073019302	23023970100
2018	6073019206	23023970301
2018	6073021600	23023970301
2018	6073022000	23023970500
2018	6073004400	23023970400
2018	6073016701	23023970200
2018	6073000300	23023970400
2018	6073017042	23023970100
2018	6073008357	23023970700
2018	6073020026	23023970200
2018	33011010200	23023970400
2018	33011010800	23023970200
2018	33011010200	23023970400
2018	33011000300	23023970400
2018	33011000204	23023970100
2018	33011014300	23023970302
2018	33011010100	23023970700
2018	33011010900	23023970302
2018	33011001300	23023970302
2018	33011002100	23023970700
2018	33011000901	23023970100
2018	33011200400	23023970500
2018	36059415700	23023970700
2018	36059517101	23023970500
2018	36059521802	23023970400
2018	36059412400	23023970700
2018	36059518300	23023970200
2018	36059517101	23023970700
2018	36059301800	23023970302
2018	37051003204	23023970700
2018	37051003405	23023970700
2018	37051003310	23023970302
2018	37051003302	23023970301
2018	37051003307	23023970500
2018	37051003408	23023970700
2018	37051002300	23023970700
2018	37051003403	23023970302
2018	37051003312	23023970700
2018	37191000901	23023970700
2018	37191001800	23023970100
2018	37191001301	23023970302
2018	37191001000	23023970700
2018	2122000700	23023970500
2018	6059110603	23023970600
2018	6059042108	23023970100
2018	6059099251	23023970302
2018	6059011403	23023970500
2018	6059099603	23023970600
2018	6059032038	23023970302
2018	6059099248	23023970200
2018	6059099311	23023970700
2018	6059052420	23023970500
2018	6059099411	23023970600
2018	6059052417	23023970500
2018	6059042313	23023970100
2018	12101033101	23023970200
2018	12101031708	23023970302
2018	12101032804	23023970700
2018	12101031902	23023970302
2018	13089021907	23023970100
2018	13089020600	23023970301
2018	13089021605	23023970700
2018	13089023113	23023970302
2018	13089021416	23023970301
2018	13089023418	23023970301
2018	13089021218	23023970200
2018	13089022008	23023970700
2018	13089023208	23023970700
2018	13089022600	23023970400
2018	13089021703	23023970400
2018	13089021101	23023970302
2018	23019028500	23023970700
2018	23019031200	23023970500
2018	23019006300	23023970500
2018	23019013000	23023970301
2018	23019000200	23023970600
2018	23019000900	23023970301
2018	23019020500	23023970600
2018	23019006200	23023970500
2018	23019004300	23023970100
2018	23019006300	23023970301
2018	23019031100	23023970500
2018	23019031000	23023970200
2018	23019004300	23023970301
2018	23019027000	23023970700
2018	23019007100	23023970301
2018	23019000400	23023970301
2018	23019000200	23023970301
2018	23019031100	23023970302
2018	23019000900	23023970600
2018	23019007100	23023970200
2018	23019018000	23023970100
2018	23019028500	23023970100
2018	23019004100	23023970400
2018	23019028500	23023970500
2018	23019013000	23023970600
2018	23019006200	23023970301
2018	23019000900	23023970600
2018	23019000400	23023970200
2018	23019000300	23023970200
2018	23019006300	23023970301
2018	23019009000	23023970302
2018	23019008001	23023970500
2018	23019006200	23023970600
2018	23019031100	23023970302
2018	23019007200	23023970600
2018	23019027000	23023970100
2018	23019006300	23023970301
2018	23019006300	23023970500
2018	23019010000	23023970100
2018	23019004300	23023970600
2018	23019000200	23023970100
2018	23019006300	23023970600
2018	23019000400	23023970100
2018	23019031000	23023970200
2018	23019021500	23023970500
2018	23019009000	23023970100
2018	23019007200	23023970301
2018	23019009000	23023970302
2018	23019005000	23023970301
2018	23019006300	23023970301
2018	23019027000	23023970100
2018	23019000500	23023970400
2018	23019000200	23023970600
2018	23019031100	23023970302
2018	23019027000	23023970302
2018	23019015000	23023970500
2018	23019007200	23023970400
2018	23019028500	23023970301
2018	23019006300	23023970400
2018	23019031000	23023970302
2018	23019000300	23023970301
2018	23019007200	23023970400
2018	23019003000	23023970301
2018	23019004300	23023970301
2018	23019010000	23023970600
2018	23019000900	23023970100
2018	23019006100	23023970500
2018	23019000500	23023970301
2018	23019015000	23023970500
2018	23019007200	23023970400
2018	23019000600	23023970301
2018	23019009000	23023970301
2018	23019031100	23023970301
2018	23019000500	23023970301
2018	23019940000	23023970302
2018	23019002000	23023970600
2018	39049001122	23023970500
2018	39049001121	23023970500
2018	39049001121	23023970500
2018	39049007205	23023970700
2018	39049001810	23023970302
2018	39049004900	23023970302
2018	39049006387	23023970500
2018	39049008322	23023970700
2018	39049009336	23023970302
2018	39049004000	23023970200
2018	39049007954	23023970302
2018	39049008161	23023970302
2018	48375011500	23023970500
2018	48375011700	23023970700
2018	48375013400	23023970302
2018	48375010400	23023970200
2018	48375014900	23023970400
2018	48375014401	23023970100
2018	48375011000	23023970301
2018	48375015000	23023970302
2018	48375011600	23023970700
2018	48375014800	23023970600
2018	48375010300	23023970100
2018	48375014401	23023970600
2018	48375010400	23023970500
2018	48375011800	23023970302
2018	48375014900	23023970500
2018	48375015000	23023970302
2018	48375014401	23023970500
2018	48375014401	23023970700
2018	53033025701	23023970302
2018	53033032313	23023970302
2018	53033011402	23023970302
2018	53033023201	23023970100
2018	53033004400	23023970100
2018	53033011300	23023970100
2018	53033030401	23023970500
2018	53033025500	23023970700
2018	4019004110	23023970400
2018	4019004421	23023970302
2018	4019004427	23023970700
2018	4019002400	23023970302
2018	4019004072	23023970200
2018	4019003200	23023970302
2018	4019005300	23023970302
2018	9011714101	23023970100
2018	9011695202	23023970700
2018	9011870200	23023970301
2018	9011707100	23023970700
2018	9011709100	23023970200
2018	9011702700	23023970200
2018	9011696400	23023970700
2018	9011702600	23023970600
2018	9011870200	23023970302
2018	9011696700	23023970200
2018	9011870200	23023970700
2018	9011696400	23023970100
2018	9011690900	23023970700
2018	9011870300	23023970100
2018	13077170405	23023970700
2018	13077170405	23023970200
2018	13077170501	23023970700
2018	13077170100	23023970302
2018	13077170402	23023970302
2018	13077170306	23023970700
2018	13077170305	23023970200
2018	13077170402	23023970302
2018	13077170403	23023970302
2018	13077170305	23023970100
2018	13077170200	23023970500
2018	13077170406	23023970700
2018	23001046500	23023970302
2018	23001020800	23023970100
2018	23001010700	23023970301
2018	23001010100	23023970301
2018	23001020600	23023970301
2018	23001020300	23023970301
2018	23001041000	23023970301
2018	23001020500	23023970500
2018	23001010300	23023970100
2018	23001010300	23023970600
2018	23001020700	23023970600
2018	23001020700	23023970100
2018	23001020700	23023970302
2018	23001046500	23023970301
2018	23001020100	23023970100
2018	23001046000	23023970500
2018	23001044000	23023970301
2018	23001020700	23023970400
2018	23001020700	23023970600
2018	23001020400	23023970100
2018	23001030100	23023970301
2018	23001030100	23023970302
2018	23001020700	23023970500
2018	23001020400	23023970100
2018	23001044000	23023970500
2018	23001010300	23023970600
2018	23001020400	23023970200
2018	23001010600	23023970100
2018	23001010700	23023970600
2018	23001020300	23023970301
2018	23001041500	23023970302
2018	23001020800	23023970301
2018	23001020700	23023970100
2018	23001046000	23023970301
2018	23001020400	23023970100
2018	23001040000	23023970100
2018	23001044000	23023970500
2018	23001020800	23023970600
2018	23001020500	23023970100
2018	23001020500	23023970301
2018	23001010800	23023970500
2018	23001020700	23023970302
2018	23001020700	23023970302
2018	23001042000	23023970600
2018	23001010600	23023970400
2018	23001020500	23023970600
2018	23001040000	23023970301
2018	23001010800	23023970301
2018	23001010100	23023970500
2018	23001042000	23023970500
2018	23001044000	23023970301
2018	23001010400	23023970302
2018	23001010100	23023970301
2018	23001020700	23023970200
2018	23001010800	23023970700
2018	23001030100	23023970302
2018	23001046000	23023970302
2018	23001041500	23023970100
2018	23001010100	23023970301
2018	23001020400	23023970600
2018	23001042000	23023970301
2018	23001040000	23023970600
2018	23001020300	23023970500
2018	23001046500	23023970500
2018	23001030100	23023970302
2018	23001020300	23023970600
2018	23001040000	23023970700
2018	23001020100	23023970302
2018	23001020700	23023970100
2018	23001044000	23023970301
2018	23001044000	23023970600
2018	23001020400	23023970301
2018	23001020700	23023970301
2018	23001010200	23023970301
2018	23001044000	23023970301
2018	23001042000	23023970400
2018	23001010400	23023970301
2018	23001010300	23023970301
2018	23001020900	23023970500
2018	23001020700	23023970600
2018	23001020200	23023970600
2018	23001020700	23023970500
2018	23001030100	23023970301
2018	23001010800	23023970600
2018	23001042000	23023970600
2018	23001020900	23023970600
2018	23001020800	23023970600
2018	23001020700	23023970600
2018	23001041500	23023970301
2018	23001020300	23023970600
2018	23001020300	23023970301
2018	23001046000	23023970100
2018	23001010200	23023970700
2018	23001020300	23023970302
2018	23001020400	23023970600
2018	23001020300	23023970301
2018	23001030200	23023970301
2018	23001020300	23023970301
2018	23001020400	23023970600
2018	23001010200	23023970100
2018	23001020600	23023970600
2018	23001030100	23023970600
2018	23001040000	23023970400
2018	23001040000	23023970100
2018	23001020300	23023970500
2018	23001030200	23023970200
2018	23001042000	23023970100
2018	23001020400	23023970301
2018	23001010600	23023970301
2018	23001010600	23023970301
2018	23001041000	23023970600
2018	23001030100	23023970100
2018	23001020100	23023970301
2018	23001020300	23023970301
2018	23001045000	23023970301
2018	23001042000	23023970500
2018	23001010800	23023970600
2018	23001020300	23023970500
2018	23001020300	23023970400
2018	23001020500	23023970400
2018	23001010800	23023970302
2018	23001041000	23023970500
2018	23001020700	23023970600
2018	23001020900	23023970400
2018	23001010400	23023970200
2018	23001020500	23023970301
2018	23001044000	23023970301
2018	23001010600	23023970100
2018	23001020300	23023970500
2018	23001010800	23023970302
2018	23001020400	23023970600
2018	23001020700	23023970301
2018	23001020800	23023970301
2018	23001010600	23023970200
2018	23001010300	23023970301
2018	23001044000	23023970500
2018	23001020700	23023970301
2018	23001046500	23023970500
2018	23001020100	23023970100
2018	23001010400	23023970400
2018	23001010300	23023970100
2018	23001010700	23023970100
2018	23001030200	23023970301
2018	23001020800	23023970301
2018	23001010600	23023970301
2018	23001020700	23023970500
2018	23001010300	23023970600
2018	23001044000	23023970301
2018	23001010300	23023970100
2018	23001010200	23023970301
2018	23001020900	23023970600
2018	23001010200	23023970700
2018	23001045000	23023970302
2018	23001010100	23023970200
2018	23001046500	23023970700
2018	23001020300	23023970400
2018	23001030100	23023970700
2018	23001042000	23023970200
2018	23001020900	23023970302
2018	23001041000	23023970302
2018	23001020300	23023970500
2018	23001020300	23023970700
2018	23001041500	23023970301
2018	23001046000	23023970302
2018	23001046000	23023970302
2018	23001020800	23023970301
2018	23001020800	23023970100
2018	23001020700	23023970302
2018	23001045000	23023970500
2018	23001020700	23023970500
2018	23001020800	23023970700
2018	23001010100	23023970301
2018	23001041000	23023970200
2018	23001044000	23023970600
2018	23001020200	23023970400
2018	23001020700	23023970301
2018	23001020700	23023970302
2018	23001020700	23023970600
2018	23001020700	23023970302
2018	23001040000	23023970600
2018	23001044000	23023970700
2018	23001041000	23023970600
2018	23001010100	23023970301
2018	23001020700	23023970302
2018	23001020300	23023970301
2018	23001020900	23023970100
2018	23001030100	23023970301
2018	23001020700	23023970302
2018	23001020800	23023970100
2018	23001042000	23023970500
2018	23001020200	23023970301
2018	23001043000	23023970100
2018	23001020800	23023970301
2018	23001040000	23023970600
2018	23001020900	23023970700
2018	23001010200	23023970301
2018	23001010800	23023970500
2018	23001020300	23023970301
2018	23001020900	23023970700
2018	23001044000	23023970600
2018	23001010700	23023970301
2018	23001020700	23023970302
2018	23001042000	23023970100
2018	23001020600	23023970301
2018	23001010800	23023970302
2018	23001020900	23023970301
2018	23001030200	23023970200
2018	23001020900	23023970100
2018	23001020300	23023970302
2018	23001010400	23023970200
2018	23001010200	23023970100
2018	23001020100	23023970302
2018	23001020400	23023970301
2018	23001044000	23023970100
2018	23001010600	23023970301
2018	23001020300	23023970700
2018	23001020900	23023970600
2018	23001010600	23023970600
2018	23001043000	23023970700
2018	23001020100	23023970301
2018	23001010800	23023970500
2018	23001030100	23023970302
2018	23001020700	23023970302
2018	23001010300	23023970100
2018	23001042000	23023970500
2018	23001010400	23023970100
2018	23001020900	23023970301
2018	23001020900	23023970301
2018	23001044000	23023970301
2018	23001020900	23023970301
2018	23001046000	23023970600
2018	23001030200	23023970400
2018	23001020500	23023970100
2018	23001010700	23023970301
2018	23001020400	23023970400
2018	23001020900	23023970500
2018	23001010400	23023970302
2018	23001010200	23023970301
2018	23001020100	23023970500
2018	23001010300	23023970301
2018	23001030200	23023970500
2018	23001020400	23023970100
2018	23001020800	23023970600
2018	23001020500	23023970400
2018	23001046000	23023970600
2018	23001046500	23023970301
2018	23001040000	23023970301
2018	23001030100	23023970302
2018	23001020400	23023970400
2018	23001020400	23023970100
2018	23001020300	23023970301
2018	23001010200	23023970301
2018	23001020500	23023970301
2018	23001020300	23023970301
2018	23001020300	23023970302
2018	23001020500	23023970301
2018	23001010600	23023970200
2018	23001010300	23023970700
2018	23001045000	23023970100
2018	23001020300	23023970700
2018	23001010100	23023970302
2018	23001020300	23023970301
2018	23001044000	23023970400
2018	23001020300	23023970301
2018	23001020700	23023970500
2018	23001010200	23023970301
2018	23001020900	23023970600
2018	23001046500	23023970301
2018	23001046000	23023970302
2018	23001010500	23023970700
2018	23001020800	23023970500
2018	23001010600	23023970302
2018	23001010800	23023970301
2018	23001010200	23023970600
2018	23001020300	23023970400
2018	23001043000	23023970302
2018	23001043000	23023970400
2018	23001020900	23023970302
2018	23001030200	23023970600
2018	23001020300	23023970301
2018	23001020100	23023970600
2018	23001046500	23023970100
2018	23001010200	23023970100
2018	23001020900	23023970302
2018	23001044000	23023970500
2018	23001040000	23023970500
2018	23001010800	23023970500
2018	23001020700	23023970700
2018	23001041000	23023970301
2018	23001020700	23023970500
2018	23001010700	23023970302
2018	23001040000	23023970700
2018	23001030100	23023970302
2018	23001020800	23023970301
2018	23001010500	23023970700
2018	23001041000	23023970301
2018	23001046000	23023970301
2018	23001041500	23023970301
2018	23001020700	23023970302
2018	23001010400	23023970301
2018	23001045000	23023970700
2018	23001020400	23023970500
2018	23001020400	23023970301
2018	23001020300	23023970100
2018	23001010400	23023970301
2018	23001041000	23023970301
2018	23001020100	23023970301
2018	23001046500	23023970600
2018	23001010200	23023970302
2018	23001041000	23023970301
2018	23001020800	23023970500
2018	23001044000	23023970301
2018	23001040000	23023970302
2018	23001020300	23023970500
2018	23001010600	23023970600
2018	23001020700	23023970500
2018	23001010300	23023970100
2018	23001020800	23023970301
2018	23001020800	23023970500
2018	23001041000	23023970100
2018	23001020700	23023970500
2018	23001010100	23023970100
2018	23001030100	23023970301
2018	23001020300	23023970500
2018	23001046500	23023970500
2018	23001041000	23023970100
2018	23001020500	23023970500
2018	23001010200	23023970700
2018	23001010100	23023970302
2018	23001010400	23023970200
2018	23001010600	23023970400
2018	23001041000	23023970301
2018	23001020700	23023970600
2018	23001010700	23023970600
2018	23001020700	23023970200
2018	23001010100	23023970500
2018	23001020700	23023970302
2018	23001020900	23023970100
2018	23001044000	23023970100
2018	23001010100	23023970100
2018	23001020300	23023970100
2018	23001042000	23023970302
2018	23001020900	23023970301
2018	23001010300	23023970301
2018	23001046000	23023970302
2018	23001020800	23023970700
2018	23001020300	23023970301
2018	23001044000	23023970700
2018	23001020300	23023970200
2018	23001020600	23023970301
2018	23001010500	23023970301
2018	23001040000	23023970600
2018	23001010800	23023970301
2018	23001041000	23023970600
2018	23001010400	23023970301
2018	23001020900	23023970302
2018	23001041000	23023970500
2018	23001020400	23023970302
2018	23001020300	23023970500
2018	23001030200	23023970301
2018	23001020500	23023970301
2018	23001043000	23023970301
2018	23001010800	23023970301
2018	23001020700	23023970301
2018	23001010300	23023970100
2018	23001020300	23023970600
2018	23001010100	23023970700
2018	23001020300	23023970100
2018	23001020500	23023970600
2018	23001041000	23023970302
2018	23001020900	23023970400
2018	23001010700	23023970600
2018	34035053905	23023970700
2018	34035053803	23023970301
2018	34035052100	23023970500
2018	34035053402	23023970700
2018	34035053102	23023970400
2018	34035053602	23023970100
2018	34035054201	23023970600
2018	42003413100	23023970301
2018	42003560400	23023970200
2018	42003260700	23023970700
2018	42003260900	23023970200
2018	42003504100	23023970302
2018	42003140400	23023970200
2018	42003982200	23023970302
2018	42003477200	23023970400
2018	42003040900	23023970301
2018	42003475401	23023970200
2018	42003504100	23023970302
2018	42003473601	23023970100
2018	42003310200	23023970700
2018	42003562500	23023970302
2018	42003488200	23023970500
2018	42003141400	23023970100
2018	12019030202	23023970100
2018	12019030902	23023970700
2018	12019030702	23023970500
2018	12019030904	23023970500
2018	25017350200	23023970700
2018	25017350300	23023970400
2018	25017351403	23023970700
2018	25017352600	23023970700
2018	25017354600	23023970200
2018	25017368400	23023970200
2018	25017341200	23023970700
2018	25017373600	23023970700
2018	25017385202	23023970500
2018	25017322100	23023970301
2018	25017353600	23023970700
2018	25017356701	23023970700
2018	25017353101	23023970302
2018	25017370102	23023970301
2018	25017361200	23023970200
2018	25017352300	23023970700
2018	25017350700	23023970600
2018	25017314101	23023970700
2018	25017353900	23023970500
2018	25017383502	23023970700
2018	25017352300	23023970200
2018	25017335200	23023970302
2018	25017340100	23023970100
2018	25017382500	23023970302
2018	25017374400	23023970302
2018	25017366202	23023970500
2018	25017317302	23023970400
2018	45079012000	23023970302
2018	45079010805	23023970700
2018	45079002800	23023970700
2018	45079011607	23023970700
2018	45079010102	23023970100
2018	45079011419	23023970301
2018	45079011304	23023970200
2018	45079011304	23023970700
2018	45079010103	23023970301
2018	45079000100	23023970302
2018	45079011305	23023970302
2018	45079011501	23023970400
2018	45079011413	23023970200
2018	45079003000	23023970301
2018	45079011303	23023970700
2018	45079001000	23023970100
2018	45079010702	23023970700
2018	45079010403	23023970100
2018	25015820500	23023970302
2018	25015820400	23023970700
2018	25015821903	23023970302
2018	25015820400	23023970200
2018	25015820500	23023970200
2018	25015820300	23023970302
2018	25015821602	23023970500
2018	25015820203	23023970700
2018	25015820400	23023970700
2018	25015820500	23023970700
2018	25015820400	23023970200
2018	25015820300	23023970200
2018	25015821901	23023970302
2018	51510200301	23023970700
2018	51510201900	23023970100
2018	51510201203	23023970500
2018	51510200107	23023970700
2018	51510201600	23023970500
2018	51510200802	23023970700
2018	51510200301	23023970700
2018	50007003400	23023970200
2018	50007003100	23023970302
2018	50007000600	23023970500
2018	50007000500	23023970700
2018	50007003900	23023970100
2018	36047051100	23023970302
2018	36047066200	23023970200
2018	36047001500	23023970700
2018	36047019700	23023970100
2018	36047029000	23023970301
2018	36047009800	23023970700
2018	36047059000	23023970200
2018	36047042900	23023970700
2018	36047091200	23023970700
2018	36047000502	23023970200
2018	36047044000	23023970500
2018	36047021000	23023970700
2018	36047012801	23023970302
2018	36047075000	23023970500
2018	36047000900	23023970302
2018	36047088400	23023970700
2018	36047047700	23023970500
2018	36047013300	23023970302
2018	36047061004	23023970400
2018	25021413200	23023970302
2018	25021403500	23023970600
2018	25021416300	23023970302
2018	25021410100	23023970500
2018	23005001300	23023970301
2018	23005002900	23023970700
2018	23005003500	23023970200
2018	23005011201	23023970700
2018	23005002502	23023970400
2018	23005016000	23023970301
2018	23005004801	23023970301
2018	23005004702	23023970301
2018	23005001000	23023970600
2018	23005004002	23023970500
2018	23005000300	23023970301
2018	23005011202	23023970500
2018	23005001100	23023970600
2018	23005001500	23023970302
2018	23005002600	23023970600
2018	23005002002	23023970600
2018	23005002700	23023970302
2018	23005017301	23023970302
2018	23005002200	23023970600
2018	23005001100	23023970600
2018	23005011202	23023970301
2018	23005003100	23023970100
2018	23005011202	23023970301
2018	23005001900	23023970302
2018	23005004600	23023970301
2018	23005001100	23023970301
2018	23005003500	23023970100
2018	23005002501	23023970600
2018	23005004702	23023970301
2018	23005001500	23023970600
2018	23005002002	23023970100
2018	23005004401	23023970100
2018	23005000300	23023970301
2018	23005017301	23023970500
2018	23005004502	23023970301
2018	23005017102	23023970100
2018	23005017304	23023970302
2018	23005001100	23023970100
2018	23005001100	23023970301
2018	23005011202	23023970302
2018	23005017001	23023970302
2018	23005001700	23023970302
2018	23005001000	23023970301
2018	23005011100	23023970600
2018	23005004002	23023970302
2018	23005002501	23023970500
2018	23005011100	23023970302
2018	23005001000	23023970302
2018	23005003300	23023970301
2018	23005002502	23023970700
2018	23005011201	23023970600
2018	23005002102	23023970301
2018	23005000100	23023970302
2018	23005011202	23023970500
2018	23005000500	23023970500
2018	23005000100	23023970302
2018	23005004600	23023970302
2018	23005016000	23023970301
2018	23005002102	23023970302
2018	23005000600	23023970302
2018	23005002501	23023970600
2018	23005004402	23023970301
2018	23005003300	23023970301
2018	23005011500	23023970301
2018	23005004502	23023970500
2018	23005001200	23023970302
2018	23005001200	23023970700
2018	23005003701	23023970301
2018	23005001800	23023970302
2018	23005001300	23023970500
2018	23005001500	23023970302
2018	23005001100	23023970700
2018	23005011300	23023970301
2018	23005011201	23023970100
2018	23005001500	23023970301
2018	23005003400	23023970500
2018	23005001900	23023970500
2018	23005000200	23023970500
2018	23005017303	23023970301
2018	23005001500	23023970400
2018	23005000100	23023970302
2018	23005004402	23023970100
2018	23005011100	23023970301
2018	23005011202	23023970100
2018	23005004100	23023970302
2018	23005002900	23023970500
2018	23005004600	23023970302
2018	23005001000	23023970600
2018	23005017301	23023970100
2018	23005001100	23023970301
2018	23005001200	23023970301
2018	23005003701	23023970301
2018	23005002700	23023970100
2018	23005004200	23023970600
2018	23005004002	23023970301
2018	23005003500	23023970301
2018	23005002200	23023970301
2018	23005002800	23023970400
2018	23005002900	23023970600
2018	23005004801	23023970301
2018	23005003702	23023970301
2018	23005004100	23023970302
2018	23005001300	23023970600
2018	23005001900	23023970301
2018	23005002300	23023970301
2018	23005002800	23023970302
2018	23005004803	23023970301
2018	23005011100	23023970200
2018	23005004002	23023970301
2018	23005000100	23023970700
2018	23005016500	23023970301
2018	23005001700	23023970100
2018	23005015000	23023970100
2018	23005003400	23023970301
2018	23005002600	23023970400
2018	23005016000	23023970600
2018	23005004402	23023970400
2018	23005001800	23023970302
2018	23005000100	23023970301
2018	23005000300	23023970302
2018	23005002600	23023970500
2018	23005003500	23023970302
2018	23005004001	23023970301
2018	23005004702	23023970301
2018	23005001100	23023970100
2018	23005011100	23023970100
2018	23005003702	23023970400
2018	23005002200	23023970301
2018	23005017002	23023970301
2018	23005002600	23023970100
2018	23005002501	23023970302
2018	23005001700	23023970500
2018	23005003702	23023970301
2018	23005011202	23023970301
2018	23005002200	23023970302
2018	23005004002	23023970600
2018	23005004502	23023970302
2018	23005011202	23023970302
2018	23005001200	23023970302
2018	23005017102	23023970600
2018	23005000600	23023970301
2018	23005004502	23023970200
2018	23005002900	23023970301
2018	23005003500	23023970600
2018	23005004600	23023970301
2018	23005004002	23023970301
2018	23005001500	23023970200
2018	23005000600	23023970500
2018	23005002300	23023970200
2018	23005002102	23023970100
2018	23005003000	23023970100
2018	23005003701	23023970301
2018	23005011202	23023970301
2018	23005001500	23023970301
2018	23005002300	23023970302
2018	23005002900	23023970100
2018	23005011202	23023970500
2018	23005004200	23023970500
2018	23005004200	23023970100
2018	23005002800	23023970400
2018	23005001700	23023970600
2018	23005017002	23023970302
2018	23005004401	23023970301
2018	23005002002	23023970302
2018	23005011202	23023970400
2018	23005011202	23023970302
2018	23005011100	23023970100
2018	23005017301	23023970302
2018	23005017301	23023970500
2018	23005002200	23023970400
2018	23005002800	23023970600
2018	23005011500	23023970400
2018	23005003100	23023970500
2018	23005002800	23023970100
2018	23005001300	23023970301
2018	23005004803	23023970200
2018	23005001200	23023970301
2018	23005001500	23023970100
2018	23005011202	23023970500
2018	23005011201	23023970700
2018	23005001800	23023970200
2018	23005000200	23023970600
2018	23005004702	23023970301
2018	23005014000	23023970302
2018	23005002900	23023970302
2018	23005003100	23023970500
2018	23005000600	23023970400
2018	23005004402	23023970200
2018	23005000200	23023970600
2018	23005017304	23023970100
2018	23005004803	23023970100
2018	23005000300	23023970400
2018	23005002001	23023970301
2018	23005004402	23023970200
2018	23005017002	23023970100
2018	23005001100	23023970302
2018	23005002700	23023970301
2018	23005003100	23023970100
2018	23005003500	23023970600
2018	23005004002	23023970301
2018	23005001700	23023970301
2018	23005002102	23023970302
2018	23005004002	23023970302
2018	23005004801	23023970400
2018	23005003200	23023970400
2018	23005004002	23023970400
2018	23005002300	23023970100
2018	23005002102	23023970301
2018	23005003000	23023970301
2018	23005001800	23023970500
2018	23005001000	23023970301
2018	23005011202	23023970400
2018	23005004200	23023970301
2018	23005002501	23023970600
2018	23005004802	23023970302
2018	23005003400	23023970302
2018	23005004802	23023970301
2018	23005013000	23023970302
2018	23005001200	23023970301
2018	23005017002	23023970302
2018	23005004100	23023970700
2018	23005001500	23023970301
2018	23005003200	23023970500
2018	23005017102	23023970302
2018	23005002102	23023970100
2018	23005011100	23023970100
2018	23005003300	23023970302
2018	23005001500	23023970301
2018	23005002900	23023970301
2018	23005004002	23023970100
2018	23005004801	23023970302
2018	23005004200	23023970100
2018	23005004001	23023970301
2018	23005004502	23023970302
2018	23005011202	23023970301
2018	23005000300	23023970100
2018	23005000100	23023970301
2018	23005002600	23023970302
2018	23005004002	23023970600
2018	23005002600	23023970302
2018	23005011202	23023970302
2018	23005002300	23023970301
2018	23005011202	23023970600
2018	23005003702	23023970301
2018	23005002102	23023970400
2018	23005003300	23023970600
2018	23005002002	23023970600
2018	23005004702	23023970200
2018	23005004402	23023970301
2018	23005001200	23023970301
2018	23005000200	23023970500
2018	23005002900	23023970302
2018	23005004702	23023970302
2018	23005004801	23023970400
2018	23005001700	23023970400
2018	23005003701	23023970500
2018	23005017304	23023970600
2018	23005003701	23023970400
2018	23005002900	23023970500
2018	23005001800	23023970600
2018	23005002600	23023970301
2018	23005001500	23023970600
2018	23005001900	23023970301
2018	23005002300	23023970302
2018	23005011300	23023970500
2018	23005001500	23023970301
2018	23005003200	23023970301
2018	23005011201	23023970301
2018	23005002900	23023970301
2018	23005012000	23023970700
2018	23005001800	23023970400
2018	23005004402	23023970700
2018	23005001700	23023970100
2018	23005000200	23023970301
2018	23005002102	23023970200
2018	23005004002	23023970400
2018	23005002101	23023970600
2018	23005004002	23023970600
2018	23005011100	23023970301
2018	23005004502	23023970200
2018	23005001900	23023970600
2018	23005004402	23023970500
2018	23005002900	23023970301
2018	23005003500	23023970301
2018	23005001300	23023970500
2018	23005011202	23023970301
2018	23005002502	23023970301
2018	23005001000	23023970301
2018	23005002501	23023970302
2018	23005001800	23023970400
2018	23005002102	23023970301
2018	23005001000	23023970302
2018	23005011100	23023970200
2018	23005001500	23023970301
2018	23005002102	23023970302
2018	23005002900	23023970500
2018	23005003100	23023970301
2018	23005002501	23023970600
2018	23005000500	23023970301
2018	23005004002	23023970100
2018	23005003300	23023970100
2018	23005017303	23023970500
2018	23005011100	23023970301
2018	23005002600	23023970301
2018	23005000600	23023970600
2018	23005000300	23023970500
2018	23005002900	23023970700
2018	23005001500	23023970301
2018	23005001700	23023970100
2018	23005011100	23023970200
2018	23005001000	23023970301
2018	23005001000	23023970400
2018	23005011201	23023970301
2018	23005004200	23023970301
2018	23005001100	23023970100
2018	23005001300	23023970600
2018	23005011100	23023970100
2018	23005003400	23023970301
2018	23005001100	23023970301
2018	23005017101	23023970301
2018	23005004200	23023970301
2018	23005001800	23023970100
2018	23005001300	23023970200
2018	23005003702	23023970302
2018	23005012000	23023970301
2018	23005004402	23023970500
2018	23005003000	23023970600
2018	23005004802	23023970600
2018	23005011100	23023970301
2018	23005000500	23023970301
2018	23005001300	23023970301
2018	23005002502	23023970301
2018	23005012000	23023970301
2018	23005001300	23023970600
2018	23005002600	23023970301
2018	23005011201	23023970200
2018	23005003500	23023970302
2018	23005003500	23023970301
2018	23005004702	23023970302
2018	23005003701	23023970500
2018	23005002300	23023970301
2018	23005017101	23023970700
2018	23005003400	23023970302
2018	23005004002	23023970302
2018	23005004803	23023970600
2018	23005001100	23023970301
2018	23005002900	23023970500
2018	23005011201	23023970301
2018	23005004200	23023970301
2018	23005003100	23023970100
2018	23005017001	23023970100
2018	23005004803	23023970302
2018	23005011100	23023970500
2018	23005003702	23023970100
2018	23005003500	23023970500
2018	23005004802	23023970700
2018	23005016500	23023970301
2018	23005004002	23023970500
2018	23005004600	23023970400
2018	23005002200	23023970100
2018	23005003200	23023970200
2018	23005004002	23023970301
2018	23005000600	23023970100
2018	23005002900	23023970700
2018	23005004803	23023970301
2018	23005001000	23023970600
2018	23005011202	23023970700
2018	23005004803	23023970600
2018	23005012000	23023970100
2018	23005002501	23023970100
2018	23005004502	23023970500
2018	23005017102	23023970600
2018	23005001700	23023970302
2018	23005000300	23023970301
2018	23005002200	23023970400
2018	23005011202	23023970301
2018	23005002300	23023970301
2018	23005004502	23023970301
2018	23005002300	23023970301
2018	23005002501	23023970400
2018	23005000200	23023970100
2018	23005011100	23023970600
2018	23005001200	23023970301
2018	23005011202	23023970400
2018	23005001800	23023970302
2018	23005017102	23023970301
2018	23005000300	23023970301
2018	23005002600	23023970301
2018	23005002800	23023970400
2018	23005011202	23023970600
2018	23005011202	23023970500
2018	23005001800	23023970301
2018	23005001800	23023970700
2018	23005003400	23023970600
2018	23005002800	23023970500
2018	23005003100	23023970100
2018	23005004002	23023970100
2018	23005001300	23023970500
2018	23005002002	23023970301
2018	23005004100	23023970302
2018	23005002002	23023970400
2018	23005001300	23023970200
2018	23005004402	23023970302
2018	23005004200	23023970700
2018	23005017304	23023970301
2018	23005001300	23023970600
2018	23005000600	23023970302
2018	23005003000	23023970301
2018	23005003100	23023970700
2018	23005001800	23023970400
2018	23005001100	23023970500
2018	23005004200	23023970400
2018	23005003100	23023970200
2018	23005004401	23023970301
2018	23005004100	23023970301
2018	23005004401	23023970100
2018	23005011100	23023970301
2018	23005000200	23023970500
2018	23005000200	23023970301
2018	23005003200	23023970301
2018	23005000600	23023970100
2018	23005000500	23023970600
2018	23005004200	23023970100
2018	23005001000	23023970301
2018	23005002501	23023970100
2018	23005001500	23023970301
2018	23005000600	23023970301
2018	23005004401	23023970100
2018	23005001000	23023970302
2018	23005001000	23023970301
2018	23005003300	23023970302
2018	23005004200	23023970301
2018	23005012000	23023970500
2018	23005001900	23023970301
2018	23005000100	23023970301
2018	23005002502	23023970301
2018	23005002800	23023970400
2018	23005001900	23023970302
2018	23005001900	23023970301
2018	23005017304	23023970301
2018	23005000200	23023970302
2018	23005002900	23023970301
2018	23005003500	23023970500
2018	23005000100	23023970500
2018	23005000200	23023970500
2018	23005017304	23023970600
2018	23005004002	23023970301
2018	23005017304	23023970100
2018	23005004002	23023970301
2018	23005002102	23023970500
2018	23005002700	23023970302
2018	23005002502	23023970500
2018	23005004502	23023970500
2018	23005017001	23023970100
2018	23005001900	23023970302
2018	23005004502	23023970100
2018	23005004002	23023970301
2018	23005004803	23023970301
2018	23005011500	23023970100
2018	23005017001	23023970301
2018	23005001100	23023970500
2018	23005001000	23023970100
2018	23005011202	23023970500
2018	23005001100	23023970100
2018	23005002800	23023970600
2018	23005004402	23023970100
2018	23005000600	23023970301
2018	23005002501	23023970200
2018	23005017304	23023970301
2018	23005002600	23023970500
2018	23005001000	23023970302
2018	23005001200	23023970302
2018	23005011202	23023970301
2018	23005017303	23023970600
2018	23005004801	23023970100
2018	23005011202	23023970302
2018	23005001700	23023970302
2018	23005004100	23023970600
2018	23005002400	23023970302
2018	23005003300	23023970301
2018	23005004600	23023970302
2018	23005001000	23023970400
2018	23005001000	23023970301
2018	23005001500	23023970301
2018	23005002102	23023970302
2018	23005004200	23023970600
2018	23005011201	23023970301
2018	23005017303	23023970301
2018	23005002200	23023970302
2018	23005016000	23023970500
2018	23005004803	23023970301
2018	23005017102	23023970302
2018	23005004200	23023970500
2018	23005017301	23023970600
2018	23005011202	23023970302
2018	23005001700	23023970500
2018	23005017301	23023970100
2018	23005004803	23023970302
2018	23005014000	23023970302
2018	23005004702	23023970400
2018	23005001700	23023970301
2018	23005002501	23023970301
2018	23005003500	23023970500
2018	23005000500	23023970100
2018	23005003400	23023970301
2018	23005002900	23023970600
2018	23005003400	23023970302
2018	23005004200	23023970200
2018	23005004200	23023970301
2018	23005001100	23023970500
2018	23005011202	23023970600
2018	23005017301	23023970600
2018	23005003500	23023970500
2018	23005000200	23023970500
2018	23005001700	23023970500
2018	23005003702	23023970100
2018	23005017102	23023970600
2018	23005017002	23023970500
2018	23005002200	23023970100
2018	23005002501	23023970301
2018	23005002600	23023970301
2018	23005001200	23023970301
2018	23005003000	23023970200
2018	23005017102	23023970301
2018	23005002800	23023970100
2018	23005000100	23023970100
2018	23005001900	23023970700
2018	23005017001	23023970302
2018	23005011100	23023970301
2018	23005011202	23023970301
2018	23005000600	23023970301
2018	23005004702	23023970500
2018	23005011202	23023970500
2018	23005004802	23023970301
2018	23005017304	23023970301
2018	23005000200	23023970100
2018	23005003500	23023970500
2018	23005004002	23023970500
2018	23005004100	23023970400
2018	23005001800	23023970500
2018	23005004502	23023970600
2018	23005002900	23023970500
2018	23005002900	23023970301
2018	23005002800	23023970500
2018	23005002800	23023970500
2018	23005004002	23023970500
2018	23005002200	23023970301
2018	23005017001	23023970301
2018	23005000600	23023970302
2018	23005016000	23023970302
2018	23005014000	23023970100
2018	23005003100	23023970302
2018	23005003701	23023970302
2018	23005000600	23023970400
2018	23005004803	23023970301
2018	23005000600	23023970302
2018	23005001300	23023970600
2018	23005003500	23023970302
2018	23005001900	23023970100
2018	23005002102	23023970302
2018	23005004803	23023970301
2018	23005000200	23023970301
2018	23005001100	23023970400
2018	23005004402	23023970100
2018	23005002200	23023970400
2018	23005011202	23023970301
2018	23005003200	23023970500
2018	23005004803	23023970100
2018	23005004401	23023970700
2018	23005002102	23023970400
2018	23005002800	23023970100
2018	23005014000	23023970500
2018	23005015000	23023970301
2018	23005001800	23023970500
2018	23005004702	23023970600
2018	23005004502	23023970302
2018	23005004702	23023970302
2018	23005015000	23023970301
2018	23005000300	23023970301
2018	23005017102	23023970301
2018	23005000600	23023970302
2018	23005001000	23023970100
2018	23005002002	23023970100
2018	23005001300	23023970500
2018	23005002102	23023970301
2018	23005001300	23023970600
2018	23005011202	23023970301
2018	23005011100	23023970500
2018	23005017301	23023970301
2018	23005004702	23023970200
2018	23005011202	23023970600
2018	23005000600	23023970500
2018	23005003702	23023970200
2018	23005004401	23023970600
2018	23005004702	23023970302
2018	23005002900	23023970302
2018	23005000100	23023970700
2018	23005004802	23023970301
2018	23005011202	23023970100
2018	23005001100	23023970302
2018	23005004803	23023970301
2018	23005017301	23023970400
2018	23005016000	23023970500
2018	23005004002	23023970302
2018	23005011202	23023970600
2018	23005001300	23023970600
2018	23005002800	23023970301
2018	23005001000	23023970301
2018	23005011202	23023970301
2018	23005004002	23023970301
2018	23005004502	23023970400
2018	23005003200	23023970400
2018	23005017102	23023970700
2018	23005017002	23023970700
2018	23005011202	23023970301
2018	23005017002	23023970600
2018	23005011100	23023970301
2018	23005001000	23023970302
2018	23005001100	23023970100
2018	23005004702	23023970500
2018	23005017304	23023970500
2018	23005017301	23023970600
2018	23005000600	23023970301
2018	23005004100	23023970301
2018	23005011500	23023970400
2018	23005001100	23023970500
2018	23005017101	23023970301
2018	23005013000	23023970700
2018	23005011202	23023970302
2018	23005004002	23023970600
2018	23005004401	23023970100
2018	23005004702	23023970301
2018	23005012000	23023970302
2018	23005002002	23023970500
2018	23005004803	23023970301
2018	23005011202	23023970301
2018	23005002102	23023970600
2018	23005002900	23023970301
2018	23005011202	23023970302
2018	23005000600	23023970500
2018	23005004402	23023970302
2018	23005002900	23023970100
2018	23005011202	23023970700
2018	23005002900	23023970500
2018	23005004002	23023970301
2018	23005004002	23023970600
2018	23005003701	23023970302
2018	23005003100	23023970700
2018	23005017001	23023970302
2018	23005011100	23023970100
2018	23005011201	23023970600
2018	23005011202	23023970100
2018	23005002102	23023970301
2018	23005001900	23023970400
2018	23005001100	23023970301
2018	23005002900	23023970301
2018	23005001300	23023970301
2018	23005003000	23023970400
2018	23005001200	23023970700
2018	23005003300	23023970700
2018	23005000300	23023970100
2018	23005001200	23023970400
2018	23005002900	23023970700
2018	23005001200	23023970302
2018	23005002900	23023970301
2018	23005002002	23023970302
2018	23005004401	23023970600
2018	23005002800	23023970100
2018	23005002200	23023970301
2018	23005014000	23023970600
2018	23005002002	23023970301
2018	23005001900	23023970301
2018	23005011100	23023970301
2018	23005011202	23023970302
2018	23005001700	23023970500
2018	23005011100	23023970600
2018	23005017001	23023970600
2018	23005003702	23023970302
2018	23005011202	23023970301
2018	23005016000	23023970600
2018	23005001800	23023970301
2018	23005011202	23023970302
2018	23005004002	23023970302
2018	23005002101	23023970100
2018	23005004200	23023970301
2018	23005003701	23023970301
2018	23005002102	23023970400
2018	23005002502	23023970301
2018	23005000200	23023970700
2018	23005011100	23023970600
2018	23005001800	23023970200
2018	23005013000	23023970100
2018	23005000100	23023970500
2018	23005004402	23023970301
2018	23005011201	23023970302
2018	23005001500	23023970301
2018	23005017102	23023970600
2018	23005000200	23023970302
2018	23005017303	23023970400
2018	23005000600	23023970500
2018	23005000200	23023970301
2018	23005011202	23023970301
2018	23005003400	23023970200
2018	23005002501	23023970600
2018	23005011202	23023970200
2018	23005003400	23023970700
2018	23005003701	23023970200
2018	23005003000	23023970301
2018	23005001700	23023970200
2018	23005004401	23023970600
2018	23005002900	23023970600
2018	23005002900	23023970700
2018	23005017301	23023970500
2018	23005003500	23023970500
2018	23005017304	23023970100
2018	23005002102	23023970302
2018	23005017303	23023970301
2018	23005003701	23023970301
2018	23005017304	23023970500
2018	23005004401	23023970500
2018	23005004502	23023970700
2018	23005002102	23023970301
2018	23005004502	23023970301
2018	23005002102	23023970301
2018	23005017001	23023970302
2018	23005002102	23023970301
2018	23005002102	23023970301
2018	23005004801	23023970302
2018	23005004802	23023970302
2018	23005004803	23023970500
2018	23005017001	23023970302
2018	23005001500	23023970500
2018	23005017001	23023970302
2018	23005003500	23023970301
2018	23005004200	23023970500
2018	23005001300	23023970301
2018	23005002200	23023970301
2018	23005001900	23023970600
2018	23005001300	23023970301
2018	23005017002	23023970302
2018	23005003701	23023970301
2018	23005001300	23023970100
2018	23005002501	23023970302
2018	23005011201	23023970200
2018	23005004200	23023970500
2018	23005002101	23023970301
2018	23005004502	23023970301
2018	23005003000	23023970302
2018	23005002800	23023970500
2018	23005004402	23023970500
2018	23005000600	23023970302
2018	23005004002	23023970301
2018	23005001900	23023970400
2018	23005017304	23023970301
2018	23005000100	23023970100
2018	23005001200	23023970700
2018	23005004502	23023970400
2018	23005002102	23023970301
2018	23005011202	23023970302
2018	23005001300	23023970400
2018	23005003500	23023970301
2018	23005001900	23023970301
2018	23005002501	23023970302
2018	23005003702	23023970301
2018	23005000200	23023970302
2018	23005011201	23023970400
2018	23005017002	23023970700
2018	23005003100	23023970600
2018	23005011300	23023970500
2018	23005004200	23023970302
2018	23005004803	23023970500
2018	23005002002	23023970600
2018	23005011202	23023970500
2018	23005004801	23023970600
2018	23005017102	23023970600
2018	23005004100	23023970500
2018	23005011500	23023970302
2018	23005004600	23023970100
2018	23005001500	23023970301
2018	23005003100	23023970700
2018	23005001000	23023970302
2018	23005017304	23023970700
2018	23005002600	23023970200
2018	23005003500	23023970600
2018	23005001800	23023970301
2018	23005001100	23023970301
2018	23005004702	23023970600
2018	23005002101	23023970700
2018	23005011202	23023970100
2018	23005004502	23023970301
2018	23005000200	23023970301
2018	23005001200	23023970301
2018	23005004502	23023970301
2018	23005001000	23023970301
2018	23005002300	23023970302
2018	23005003500	23023970600
2018	23005001000	23023970500
2018	23005004402	23023970301
2018	23005001000	23023970302
2018	23005002102	23023970500
2018	23005002800	23023970301
2018	23005001000	23023970500
2018	23005011201	23023970301
2018	23005017101	23023970301
2018	23005001900	23023970400
2018	23005001300	23023970301
2018	23005002501	23023970301
2018	23005003200	23023970600
2018	23005000600	23023970100
2018	23005002900	23023970301
2018	23005004001	23023970100
2018	23005001800	23023970200
2018	23005003500	23023970100
2018	23005004402	23023970600
2018	23005011202	23023970600
2018	23005001800	23023970100
2018	23005000100	23023970301
2018	23005015000	23023970100
2018	23005002501	23023970700
2018	23005003400	23023970301
2018	23005017301	23023970302
2018	23005000600	23023970200
2018	23005004502	23023970500
2018	23005001200	23023970301
2018	23005012000	23023970500
2018	23005001000	23023970301
2018	23005003500	23023970301
2018	23005001300	23023970301
2018	23005004401	23023970301
2018	23005001100	23023970600
2018	23005002501	23023970301
2018	23005001300	23023970400
2018	23005003200	23023970100
2018	23005002900	23023970500
2018	23005012000	23023970301
2018	23005004200	23023970301
2018	23005017301	23023970600
2018	23005002900	23023970302
2018	23005002102	23023970301
2018	23005004701	23023970100
2018	23005002002	23023970302
2018	23005003200	23023970301
2018	23005011100	23023970301
2018	23005003400	23023970500
2018	23005001100	23023970301
2018	23005002200	23023970302
2018	23005001000	23023970301
2018	23005016000	23023970200
2018	23005015000	23023970600
2018	23005011202	23023970301
2018	23005011100	23023970302
2018	23005011201	23023970600
2018	23005015000	23023970302
2018	23005001100	23023970302
2018	23005017304	23023970200
2018	23005002900	23023970400
2018	23005012000	23023970302
2018	23005002900	23023970500
2018	23005001100	23023970302
2018	23005011100	23023970301
2018	23005004803	23023970301
2018	23005004803	23023970100
2018	23005002800	23023970302
2018	23005000200	23023970600
2018	23005001300	23023970301
2018	23005017303	23023970100
2018	23005001000	23023970301
2018	23005002900	23023970400
2018	23005004802	23023970301
2018	23005001000	23023970302
2018	23005003200	23023970500
2018	23005001100	23023970400
2018	23005001000	23023970600
2018	23005004002	23023970500
2018	23005004402	23023970301
2018	23005004702	23023970700
2018	23005001800	23023970301
2018	23005004002	23023970700
2018	23005003500	23023970301
2018	23005004502	23023970302
2018	23005015000	23023970600
2018	23005001000	23023970400
2018	23005001900	23023970301
2018	23005001800	23023970302
2018	23005001000	23023970301
2018	23005004401	23023970100
2018	23005004200	23023970100
2018	23005001100	23023970302
2018	23005012000	23023970301
2018	23005000100	23023970100
2018	23005004100	23023970302
2018	23005000300	23023970500
2018	23005011100	23023970301
2018	23005004002	23023970301
2018	23005001900	23023970200
2018	23005016000	23023970301
2018	23005004401	23023970100
2018	23005003400	23023970301
2018	23005004803	23023970400
2018	23005001100	23023970302
2018	23005004502	23023970500
2018	23005002900	23023970700
2018	23005000600	23023970301
2018	23005003500	23023970301
2018	23005001300	23023970500
2018	23005001200	23023970500
2018	23005002102	23023970301
2018	23005002300	23023970301
2018	23005002300	23023970301
2018	23005002102	23023970700
2018	23005002800	23023970301
2018	23005004402	23023970500
2018	23005003701	23023970301
2018	23005002900	23023970100
2018	23005002501	23023970301
2018	23005015000	23023970301
2018	42011010100	23023970700
2018	42011012400	23023970700
2018	42011012105	23023970302
2018	42011011300	23023970600
2018	42011011200	23023970600
2018	42011012104	23023970200
2018	42011013600	23023970500
2018	42011013600	23023970100
2018	42011001300	23023970302
2018	42011001500	23023970100
2018	42011013401	23023970700
2018	42011000400	23023970302
2018	42011000100	23023970302
2018	42011011701	23023970302
2018	42011000100	23023970302
2018	42011010700	23023970600
2018	42011010802	23023970302
2018	42011000800	23023970500
2018	39025041303	23023970700
2018	39025040500	23023970302
2018	39025041405	23023970700
2018	39025041200	23023970100
2018	39025041306	23023970700
2018	39025040702	23023970700
2018	25025010103	23023970302
2018	25025000503	23023970700
2018	25025010404	23023970302
2018	25025160501	23023970400
2018	25025020301	23023970700
2018	25025110607	23023970302
2018	25025000701	23023970301
2018	25025000703	23023970301
2018	25025060101	23023970500
2018	25025100601	23023970100
2018	25025100601	23023970301
2018	25025060501	23023970302
2018	25025000502	23023970600
2018	25025091001	23023970400
2018	25025010600	23023970700
2018	25025100500	23023970200
2018	25025160502	23023970700
2018	25025081300	23023970700
2018	25025120104	23023970302
2018	25025010404	23023970302
2018	25025091400	23023970600
2018	25025070101	23023970302
2018	25025070101	23023970302
2018	25025120104	23023970700
2018	25025010500	23023970600
2018	25025000503	23023970700
2018	25025060200	23023970200
2018	25025070500	23023970700
2018	25025000503	23023970200
2018	25025000704	23023970400
2018	25025080900	23023970302
2018	25025020200	23023970302
2018	25025130300	23023970302
2018	25025081001	23023970302
2018	25025091800	23023970302
2018	25025000803	23023970302
2018	25025000802	23023970400
2018	25025081800	23023970700
2018	25025170502	23023970301
2018	25025000803	23023970700
2018	25025081001	23023970301
2018	25025010405	23023970200
2018	25025170200	23023970302
2018	25025080801	23023970302
2018	25025092300	23023970301
2018	25025010104	23023970302
2018	25025070101	23023970700
2018	25025170601	23023970700
2018	25025000502	23023970700
2018	25025170100	23023970500
2018	25025010404	23023970600
2018	25025140202	23023970302
2018	25025061200	23023970302
2018	25025160601	23023970200
2018	25025070200	23023970700
2018	25025140400	23023970301
2018	25025060700	23023970700
2018	25025180500	23023970400
2018	25025000601	23023970301
2018	25025060800	23023970500
2018	25025010405	23023970700
2018	25025000402	23023970600
2018	25025040600	23023970700
2018	25025020101	23023970500
2018	25025160602	23023970302
2018	25025101102	23023970100
2018	25025091100	23023970400
2018	25025092101	23023970600
2018	25025000703	23023970302
2018	25025070101	23023970200
2018	25025060501	23023970200
2018	25025020303	23023970302
2018	25025092200	23023970500
2018	25025010300	23023970700
2018	25025081100	23023970700
2018	25025120301	23023970302
2018	25025020301	23023970500
2018	6075061400	23023970100
2018	6075045200	23023970301
2018	6075033204	23023970700
2018	6075015900	23023970700
2018	6075025900	23023970700
2018	6075025403	23023970302
2018	6075061500	23023970200
2018	6075015700	23023970500
2018	6075013300	23023970302
2018	6075013000	23023970700
2018	6075031201	23023970200
2018	6075012100	23023970302
2018	12015010100	23023970700
2018	12015010404	23023970700
2018	12015020103	23023970700
2018	12015020103	23023970302
2018	12015020202	23023970700
2018	12015010403	23023970301
2018	12015010302	23023970302
2018	12015020800	23023970700
2018	12015010501	23023970200
2018	12015030401	23023970700
2018	12015010501	23023970302
2018	12015030301	23023970700
2018	12015030302	23023970700
2018	12015010502	23023970700
2018	12015020202	23023970700
2018	12015020800	23023970700
2018	12015030302	23023970400
2018	50021964000	23023970700
2018	50021962500	23023970700
2018	50021963200	23023970400
2018	50021963800	23023970700
2018	50021963100	23023970302
2018	50027966100	23023970700
2018	23031005300	23023970400
2018	23031030202	23023970600
2018	23031030202	23023970500
2018	23031028002	23023970500
2018	23031029000	23023970301
2018	23031035000	23023970100
2018	23031005300	23023970100
2018	23031036002	23023970100
2018	23031024500	23023970301
2018	23031025201	23023970301
2018	23031023500	23023970200
2018	23031005300	23023970600
2018	23031034002	23023970400
2018	23031006102	23023970600
2018	23031030202	23023970100
2018	23031005200	23023970500
2018	23031036001	23023970301
2018	23031025201	23023970500
2018	23031028002	23023970400
2018	23031005300	23023970100
2018	23031023500	23023970600
2018	23031036002	23023970301
2018	23031030203	23023970700
2018	23031028002	23023970100
2018	23031024500	23023970500
2018	23031006102	23023970302
2018	23031034002	23023970301
2018	23031036001	23023970500
2018	23031024500	23023970301
2018	23031025202	23023970100
2018	23031025202	23023970100
2018	23031025201	23023970500
2018	23031034002	23023970302
2018	23031024500	23023970302
2018	23031024000	23023970301
2018	23031030203	23023970301
2018	23031037000	23023970400
2018	23031030300	23023970301
2018	23031036001	23023970301
2018	23031038002	23023970302
2018	23031025202	23023970302
2018	23031005300	23023970302
2018	23031036001	23023970600
2018	23031006101	23023970200
2018	23031005400	23023970500
2018	23031028002	23023970301
2018	23031025100	23023970500
2018	23031030203	23023970100
2018	23031025201	23023970500
2018	23031025202	23023970200
2018	23031025202	23023970301
2018	23031025400	23023970400
2018	23031038001	23023970500
2018	23031029000	23023970301
2018	23031028002	23023970400
2018	23031037000	23023970600
2018	23031020000	23023970302
2018	23031020000	23023970301
2018	23031030201	23023970301
2018	23031037000	23023970600
2018	23031030100	23023970301
2018	23031025400	23023970100
2018	23031026000	23023970301
2018	23031005300	23023970500
2018	23031024000	23023970700
2018	23031006101	23023970301
2018	23031037000	23023970302
2018	23031025202	23023970301
2018	23031030201	23023970500
2018	23031037000	23023970600
2018	23031030202	23023970301
2018	23031037000	23023970302
2018	23031005300	23023970600
2018	23031025202	23023970700
2018	23031030202	23023970302
2018	23031025201	23023970301
2018	23031032000	23023970302
2018	23031025202	23023970100
2018	23031005300	23023970301
2018	23031038002	23023970700
2018	23031029000	23023970500
2018	23031023000	23023970600
2018	23031020000	23023970301
2018	23031023500	23023970500
2018	23031025202	23023970301
2018	23031020000	23023970100
2018	23031036001	23023970301
2018	23031005400	23023970100
2018	23031030203	23023970302
2018	23031025202	23023970302
2018	23031025400	23023970302
2018	23031032000	23023970301
2018	23031006101	23023970302
2018	23031038001	23023970100
2018	23031030203	23023970302
2018	23031006102	23023970700
2018	23031025300	23023970100
2018	23031032000	23023970600
2018	23031005100	23023970500
2018	23031035000	23023970302
2018	23031025202	23023970302
2018	23031005300	23023970700
2018	23031027000	23023970400
2018	23031023000	23023970301
2018	23031037000	23023970302
2018	23031023000	23023970301
2018	23031025202	23023970100
2018	23031038001	23023970301
2018	23031024000	23023970301
2018	23031030203	23023970301
2018	23031037000	23023970500
2018	23031030202	23023970302
2018	23031026000	23023970200
2018	23031025202	23023970301
2018	23031030300	23023970600
2018	23031036001	23023970301
2018	23031025202	23023970100
2018	23031025201	23023970302
2018	23031030201	23023970600
2018	23031026000	23023970100
2018	23031025400	23023970500
2018	23031025202	23023970302
2018	23031034002	23023970302
2018	23031038001	23023970301
2018	23031038002	23023970301
2018	23031025201	23023970500
2018	23031025202	23023970301
2018	23031024000	23023970302
2018	23031030300	23023970400
2018	23031032000	23023970301
2018	23031034001	23023970301
2018	23031030202	23023970500
2018	23031028001	23023970301
2018	23031022000	23023970302
2018	23031030100	23023970301
2018	23031030202	23023970302
2018	23031024000	23023970301
2018	23031032000	23023970500
2018	23031025201	23023970302
2018	23031035000	23023970301
2018	23031006102	23023970302
2018	23031036001	23023970700
2018	23031005100	23023970301
2018	23031030100	23023970302
2018	23031006102	23023970600
2018	23031024000	23023970500
2018	23031037000	23023970600
2018	23031037000	23023970301
2018	23031024000	23023970301
2018	23031005300	23023970302
2018	23031024000	23023970301
2018	23031036001	23023970100
2018	23031005300	23023970301
2018	23031037000	23023970302
2018	41007950500	23023970500
2018	41007950600	23023970302
2018	41007950100	23023970700
2018	41007950700	23023970400
2018	41007950100	23023970600
2018	44005040103	23023970100
2018	44005040900	23023970200
2018	44005041602	23023970302
2018	44005040900	23023970400
2018	44005041400	23023970200
2018	44005040200	23023970100
2018	44005041200	23023970700
2018	23011011000	23023970600
2018	23011010900	23023970100
2018	23011010300	23023970100
2018	23011024200	23023970302
2018	23011024200	23023970600
2018	23011010100	23023970302
2018	23011010700	23023970301
2018	23011010200	23023970301
2018	23011011000	23023970400
2018	23011018000	23023970600
2018	23011022000	23023970100
2018	23011024200	23023970600
2018	23011024101	23023970500
2018	23011010600	23023970100
2018	23011023001	23023970301
2018	23011010300	23023970301
2018	23011024101	23023970500
2018	23011010802	23023970700
2018	23011024200	23023970500
2018	23011014500	23023970302
2018	23011024200	23023970302
2018	23011024200	23023970700
2018	23011024102	23023970301
2018	23011010500	23023970500
2018	23011016000	23023970301
2018	23011018000	23023970100
2018	23011018000	23023970301
2018	23011024200	23023970301
2018	23011010802	23023970700
2018	23011011000	23023970600
2018	23011010801	23023970301
2018	23011010200	23023970301
2018	23011010300	23023970301
2018	23011023001	23023970100
2018	23011020000	23023970600
2018	23011014500	23023970301
2018	23011017000	23023970100
2018	23011025000	23023970500
2018	23011024200	23023970400
2018	23011024200	23023970600
2018	23011013000	23023970600
2018	23011024200	23023970301
2018	23011024102	23023970302
2018	23011023001	23023970301
2018	23011024200	23023970301
2018	23011010300	23023970500
2018	23011018000	23023970301
2018	23011024102	23023970302
2018	23011011000	23023970600
2018	23011025000	23023970600
2018	23011010300	23023970200
2018	23011010700	23023970301
2018	23011010200	23023970301
2018	23011025000	23023970301
2018	23011010300	23023970301
2018	23011010300	23023970100
2018	23011024101	23023970700
2018	23011010600	23023970302
2018	23011010100	23023970100
2018	23011019000	23023970500
2018	23011024200	23023970100
2018	23011010300	23023970500
2018	23011023001	23023970100
2018	23011023001	23023970301
2018	23011024200	23023970302
2018	23011010200	23023970200
2018	23011010801	23023970302
2018	23011018000	23023970302
2018	23011024101	23023970400
2018	23011020000	23023970301
2018	23011024200	23023970500
2018	23011011000	23023970301
2018	23011024200	23023970400
2018	23011011000	23023970400
2018	23011010200	23023970400
2018	23011023001	23023970301
2018	23011022000	23023970301
2018	23011024102	23023970600
2018	23011010802	23023970301
2018	23011010600	23023970400
2018	23011010801	23023970302
2018	23011016000	23023970600
2018	23011014000	23023970700
2018	23011011000	23023970301
2018	23011022000	23023970302
2018	23011013000	23023970302
2018	23011012000	23023970400
2018	23011024102	23023970302
2018	23011011000	23023970700
2018	23011014000	23023970100
2018	23011024102	23023970200
2018	23011010200	23023970600
2018	23011023001	23023970100
2018	23011015000	23023970301
2018	23011023001	23023970100
2018	23011025000	23023970700
2018	23011010200	23023970301
2018	23011013000	23023970500
2018	23011023001	23023970100
2018	23011025000	23023970500
2018	23011025000	23023970600
2018	23011011000	23023970302
2018	23011010300	23023970100
2018	23011010802	23023970400
2018	23011015000	23023970301
2018	23011024200	23023970200
2018	23011010100	23023970301
2018	23011010600	23023970400
2018	23011011000	23023970301
2018	23011023001	23023970302
2018	23011020000	23023970301
2018	23011018000	23023970600
2018	23011010200	23023970400
2018	23011015000	23023970301
2018	23011024200	23023970301
2018	23011010900	23023970600
2018	23011010700	23023970301
2018	23011010300	23023970301
2018	23011024101	23023970302
2018	23011015500	23023970301
2018	23011012000	23023970301
2018	23011010300	23023970500
2018	23011024200	23023970400
2018	23011014000	23023970301
2018	23011024200	23023970600
2018	23011024102	23023970302
2018	23011022000	23023970301
2018	23011010500	23023970301
2018	23011010600	23023970301
2018	23011010500	23023970700
2018	23011010100	23023970100
2018	23011024102	23023970301
2018	23011015500	23023970100
2018	23011024102	23023970100
2018	23011015500	23023970301
2018	23011024200	23023970500
2018	23011023001	23023970600
2018	23011023001	23023970301
2018	23011010200	23023970700
2018	23011010600	23023970600
2018	23011010300	23023970301
2018	23011010100	23023970302
2018	23011014000	23023970400
2018	23011010500	23023970600
2018	23011010802	23023970301
2018	23011015500	23023970301
2018	23011024101	23023970500
2018	23011024200	23023970100
2018	23011024200	23023970600
2018	23011010100	23023970301
2018	23011010200	23023970302
2018	23011024101	23023970301
2018	23011024200	23023970100
2018	23011014500	23023970700
2018	23011010100	23023970302
2018	23011010600	23023970100
2018	23011023001	23023970301
2018	23011023002	23023970302
2018	23011010802	23023970600
2018	23011015500	23023970301
2018	23011023001	23023970100
2018	23011020000	23023970301
2018	23011024101	23023970302
2018	23011020000	23023970301
2018	23011010300	23023970302
2018	23011011000	23023970100
2018	23011010600	23023970500
2018	23011019000	23023970400
2018	23011010200	23023970700
2018	23011018000	23023970302
2018	23011014000	23023970700
2018	23011024200	23023970400
2018	23011010500	23023970500
2018	23011020000	23023970301
2018	23011018000	23023970302
2018	23011010500	23023970600
2018	23011010802	23023970400
2018	23011010700	23023970200
2018	23011023001	23023970301
2018	23011011000	23023970500
2018	23011010100	23023970301
2018	23011010802	23023970700
2018	23011022000	23023970600
2018	23011010200	23023970600
2018	23011010500	23023970100
2018	23011025000	23023970700
2018	23011015000	23023970100
2018	23011010300	23023970600
2018	23011010600	23023970302
2018	23011010802	23023970301
2018	23011010900	23023970500
2018	23011010600	23023970302
2018	23011010200	23023970500
2018	23011011000	23023970302
2018	23011010300	23023970700
2018	23011023001	23023970302
2018	23011023001	23023970400
2018	23011015000	23023970200
2018	23011010600	23023970600
2018	23011010802	23023970700
2018	23011024102	23023970100
2018	23011018000	23023970301
2018	23011010600	23023970301
2018	23011010100	23023970302
2018	23011024200	23023970301
2018	23011011000	23023970600
2018	23011014000	23023970302
2018	23011010802	23023970301
2018	23011024200	23023970700
2018	23011023001	23023970500
2018	23011024101	23023970600
2018	23011010802	23023970400
2018	23011010100	23023970302
2018	23011020500	23023970302
2018	23011010802	23023970100
2018	23011020000	23023970302
2018	23011023001	23023970302
2018	23011019000	23023970500
2018	23011010600	23023970100
2018	23011010100	23023970500
2018	23011024200	23023970700
2018	23011023001	23023970301
2018	23011010200	23023970100
2018	23011024101	23023970302
2018	23011011000	23023970400
2018	23011024200	23023970301
2018	23011017000	23023970302
2018	23011024200	23023970302
2018	23011021000	23023970301
2018	23011020000	23023970301
2018	23011024101	23023970301
2018	23011010500	23023970302
2018	23011010100	23023970301
2018	23011011000	23023970500
2018	23011010802	23023970301
2018	23011010500	23023970301
2018	23011011000	23023970500
2018	23011023001	23023970302
2018	23011010700	23023970500
2018	23011010200	23023970500
2018	23011015000	23023970301
2018	23011024200	23023970100
2018	23011010900	23023970500
2018	23011014000	23023970301
2018	23011024102	23023970600
2018	23011010500	23023970500
2018	23011020500	23023970302
2018	23011017000	23023970500
2018	23011010700	23023970301
2018	23011019000	23023970400
2018	23011011000	23023970302
2018	23011024200	23023970600
2018	23011010802	23023970302
2018	23011024102	23023970600
2018	23011010300	23023970302
2018	23011010100	23023970100
2018	23011023001	23023970600
2018	23011024200	23023970700
2018	23011024101	23023970301
2018	23011010300	23023970700
2018	23011025000	23023970100
2018	23011023001	23023970301
2018	23011024200	23023970200
2018	23011016000	23023970500
2018	23011015000	23023970600
2018	23011010200	23023970700
2018	23011020000	23023970301
2018	23011024102	23023970100
2018	23011024102	23023970301
2018	23011024200	23023970100
2018	23011010500	23023970700
2018	23011010802	23023970301
2018	23011010700	23023970301
2018	23011023001	23023970600
2018	23011010100	23023970500
2018	23011014000	23023970100
2018	23011023002	23023970301
2018	23011018000	23023970302
2018	23011011000	23023970200
2018	23011024200	23023970301
2018	23011024102	23023970500
2018	23011010500	23023970301
2018	23011010802	23023970301
2018	23011010300	23023970600
2018	23011010802	23023970301
2018	23011010600	23023970302
2018	23011010100	23023970100
2018	23011010300	23023970100
2018	23011010500	23023970302
2018	23011010100	23023970100
2018	23011010400	23023970500
2018	23011024102	23023970400
2018	23011010300	23023970301
2018	23011010500	23023970301
2018	23011010600	23023970302
2018	23011010900	23023970600
2018	23011010802	23023970301
2018	23011023001	23023970302
2018	23011010802	23023970301
2018	23011024200	23023970600
2018	23011024200	23023970302
2018	23011010500	23023970600
2018	23011011000	23023970301
2018	23011023001	23023970301
2018	23011014000	23023970301
2018	23011024200	23023970600
2018	23011010500	23023970301
2018	23011024200	23023970100
2018	23011010100	23023970302
2018	23011022000	23023970100
2018	23011024200	23023970500
2018	23011018000	23023970301
2018	23011024102	23023970600
2018	23011024200	23023970500
2018	23011019000	23023970100
2018	23007971200	23023970301
2018	23007971300	23023970200
2018	23007971200	23023970600
2018	23007971300	23023970301
2018	23007971400	23023970301
2018	23007971300	23023970302
2018	23007970101	23023970301
2018	23007971200	23023970700
2018	33017080204	23023970302
2018	33017087000	23023970302
2018	33017084200	23023970700
2018	35005000700	23023970100
2018	35005001101	23023970302
2018	35005001001	23023970302
2018	35005000202	23023970301
2018	39169003400	23023970302
2018	39169001700	23023970302
2018	39169000500	23023970302
2018	39169001100	23023970302
2018	39169000900	23023970301
2018	39169001400	23023970200
2018	39169001200	23023970700
2018	39169000700	23023970700
2018	39169000300	23023970200
2018	39169000700	23023970500
2018	39169000700	23023970500
2018	39169000800	23023970600
2018	39169001100	23023970200
2018	39169000200	23023970302
2018	39169002100	23023970302
2018	39169000800	23023970400
2018	39169001200	23023970302
2018	39169003200	23023970302
2018	39169002500	23023970600
2018	39169003500	23023970302
2018	39169002902	23023970400
2018	39169000600	23023970700
2018	23017966300	23023970301
2018	23017966500	23023970400
2018	23017965600	23023970700
2018	23017966700	23023970301
2018	23017966500	23023970301
2018	23017966700	23023970600
2018	23017966400	23023970500
2018	23017966200	23023970600
2018	23025966500	23023970301
2018	23025966500	23023970600
2018	23025966900	23023970301
2018	23025966800	23023970301
2018	23025966400	23023970302
2018	23025966800	23023970301
2018	23025966800	23023970600
2018	23025966800	23023970100
2018	23025966000	23023970302
2018	23025966800	23023970302
2018	23025966500	23023970600
2018	23025965700	23023970100
2018	23025966800	23023970500
2018	23025966100	23023970100
2018	23025966800	23023970301
2018	23025966400	23023970600
2018	23025965800	23023970100
2018	23025965600	23023970302
2018	23025966000	23023970600
2018	23025966600	23023970302
2018	23025966000	23023970302
2018	23025966800	23023970301
2018	23025965800	23023970302
2018	23025966000	23023970600
2018	23025966600	23023970301
2018	23025966000	23023970302
2018	33009961700	23023970301
2018	33009961100	23023970500
2018	33009960200	23023970302
2018	33009960800	23023970700
2018	33009960900	23023970500
2018	33009960300	23023970301
2018	33009961601	23023970500
2018	17059972700	23023970500
2018	17059972800	23023970100
2018	17059972700	23023970302
2018	17059972800	23023970500
2018	23009966700	23023970400
2018	23009965700	23023970301
2018	23009966100	23023970302
2018	23009966000	23023970500
2018	23009965400	23023970200
2018	23009966400	23023970301
2018	23009966400	23023970500
2018	23009966600	23023970100
2018	23009965200	23023970700
2018	23009965400	23023970302
2018	23009965200	23023970301
2018	23009966700	23023970301
2018	23009966400	23023970400
2018	23009966400	23023970100
2018	23009966500	23023970301
2018	23009965504	23023970400
2018	23009965504	23023970500
2018	23009966000	23023970301
2018	23009966400	23023970200
2018	23009966400	23023970500
2018	23009965700	23023970700
2018	23009966500	23023970200
2018	23009965400	23023970700
2018	23009965503	23023970600
2018	23009966700	23023970301
2018	23009966000	23023970302
2018	23009965503	23023970200
2018	23009965300	23023970301
2018	23009966700	23023970500
2018	23009966000	23023970100
2018	23009965504	23023970301
2018	23009965504	23023970301
2018	23009966000	23023970600
2018	23009965504	23023970700
2018	23009965300	23023970100
2018	23009965503	23023970301
2018	23027041000	23023970500
2018	23027043000	23023970100
2018	23027044000	23023970700
2018	23027045000	23023970600
2018	23027043000	23023970302
2018	19169010300	23023970500
2018	19169000300	23023970302
2018	19169001000	23023970700
2018	19169010400	23023970301
2018	19169001200	23023970100
2018	19169000100	23023970200
2018	19169010100	23023970700
2018	19169000800	23023970400
2018	19169000800	23023970700
2018	19169010200	23023970100
2018	19169000800	23023970400
2018	19169000800	23023970200
2018	19169000700	23023970100
2018	19169001100	23023970700
2018	19169001100	23023970200
2018	19169010100	23023970500
2018	23015975300	23023970700
2018	23015975200	23023970302
2018	23015975600	23023970302
2018	23015975300	23023970500
2018	23015975300	23023970301
2018	23015975100	23023970400
2018	23015975200	23023970301
2018	23015975700	23023970600
2018	23015975200	23023970200
2018	23015975400	23023970100
2018	23015975100	23023970301
2018	23015975500	23023970500
2018	23015975200	23023970100
2018	23015975500	23023970700
2018	23015975400	23023970500
2018	23015975500	23023970100
2018	23015975200	23023970302
2018	23015975100	23023970100
2018	23015975500	23023970301
2018	23015975200	23023970100
2018	23015975600	23023970600
2018	23015975800	23023970301
2018	23015975100	23023970600
2018	23015975200	23023970302
2018	23015975300	23023970301
2018	23015975500	23023970301
2018	23015975200	23023970700
2018	23015975600	23023970302
2018	23015975400	23023970301
2018	23015975100	23023970302
2018	23015975500	23023970600
2018	23015975200	23023970200
2018	23015975300	23023970302
2018	23015975600	23023970400
2018	23015975500	23023970301
2018	23015975500	23023970301
2018	23015975300	23023970302
2018	23015975300	23023970500
2018	23015975300	23023970302
2018	23015975500	23023970600
2018	23015975100	23023970301
2018	23015975600	23023970301
2018	23015976200	23023970100
2018	23015975700	23023970301
2018	23015975100	23023970500
2018	23015976200	23023970301
2018	23015975100	23023970302
2018	23015975700	23023970600
2018	23015975200	23023970100
2018	23015975300	23023970700
2018	23015975600	23023970302
2018	23015975500	23023970500
2018	23015976200	23023970301
2018	23015975500	23023970600
2018	23015976200	23023970302
2018	23015975500	23023970200
2018	23015975100	23023970302
2018	23015975400	23023970301
2018	23015975400	23023970600
2018	23015975800	23023970301
2018	23015975600	23023970500
2018	23015975100	23023970301
2018	23015976200	23023970100
2018	23015975100	23023970302
2018	23015975100	23023970302
2018	23015975100	23023970500
2018	23015976200	23023970301
2018	23015975200	23023970301
2018	23015975100	23023970302
2018	23015975200	23023970100
2018	23015975300	23023970500
2018	23015975200	23023970100
2018	23015975400	23023970301
2018	23015975400	23023970600
2018	23015975100	23023970500
2018	23015975500	23023970500
2018	23015975100	23023970700
2018	23015976200	23023970301
2018	23015975400	23023970100
2018	23015975500	23023970301
2018	23015975100	23023970500
2018	23015975400	23023970100
2018	23015975600	23023970302
2018	23015975500	23023970302
2018	23015975700	23023970100
2018	23015976200	23023970302
2018	23015975300	23023970302
2018	23015975200	23023970302
2018	23015975200	23023970500
2018	23015975500	23023970301
2018	23015975400	23023970500
2018	23015975300	23023970302
2018	23015975300	23023970301
2018	23015975400	23023970600
2018	23015975600	23023970600
2018	23015975100	23023970302
2018	23015975100	23023970500
2018	23015975500	23023970302
2018	23015975700	23023970500
2018	23015975400	23023970500
2018	23015975300	23023970302
2018	23015975200	23023970301
2018	23015975300	23023970301
2018	23015975300	23023970301
2018	23015975100	23023970700
2018	23015975400	23023970600
2018	23015975800	23023970302
2018	23015975300	23023970100
2018	23015975500	23023970301
2018	23015975300	23023970100
2018	23015975600	23023970301
2018	23015976200	23023970302
2018	23015975500	23023970301
2018	23015976200	23023970302
2018	23015975100	23023970200
2018	23015975300	23023970600
2018	23015975100	23023970302
2018	23015975200	23023970301
2018	23015975600	23023970700
2018	23015975200	23023970400
2018	23015976200	23023970500
2018	23015975500	23023970600
2018	23015975600	23023970500
2018	23015975500	23023970100
2018	23015976200	23023970301
2018	23015975300	23023970301
2018	23015975600	23023970301
2018	23015975500	23023970301
2018	23015975100	23023970700
2018	23015975200	23023970600
2018	23013970500	23023970100
2018	23013970400	23023970302
2018	23013971000	23023970700
2018	23013971100	23023970500
